25862578	解忧杂货店	8.5	376929	1
4913064	活着	9.3	167477	1
1770782	追风筝的人	8.9	394895	1
3259440	白夜行	9.1	277814	1
1084336	小王子	9	317568	1
27614904	房思琪的初恋乐园	9.2	53901	1
2567698	三体	8.8	226805	1
3211779	嫌疑人X的献身	8.9	224373	1
30172069	失踪的孩子	9.2	9727	1
1008145	围城	8.9	240112	1
6082808	百年孤独	9.2	171926	1
10594787	霍乱时期的爱情	9	98875	1
26878124	我的天才女友	8.5	24390	1
1200840	平凡的世界（全三部）	9	140597	1
26954760	月亮与六便士	8.8	35494	1
1007305	红楼梦	9.6	163829	1
10554308	白夜行	9.2	142407	1
1029791	许三观卖血记	8.7	95487	1
1046265	挪威的森林	8	227962	1
4011670	人间失格	8.3	82483	1
2230208	我的前半生	7.9	23700	1
25967870	长白秘闻之不咸灵迹	9.6	915	1
1003000	悟空传	8.4	77950	1
27035382	七根凶简	8.1	3673	1
27079142	有匪3	9	1754	1
27028847	沉睡的人鱼之家	7.2	11158	1
30316475	漫长的告别	8.4	5481	1
1083428	傲慢与偏见	8.8	111915	1
4820710	1984	9.3	69694	1
1068920	飘	9.3	98901	1
1017143	不能承受的生命之轻	8.5	157765	1
1064275	老人与海	8.3	78880	1
1016003	鲁滨逊漂流记	8	68144	1
1141406	简爱（英文全本）	8.5	129291	1
1040771	达·芬奇密码	8.2	152688	1
1041007	哈利·波特与魔法石	9	112030	1
26698660	巨人的陨落	8.9	46976	1
30254236	4321	8.8	358	1
27006492	戴上手套擦泪	8	2131	1
3823070	最后的精灵	8.3	1549	1
27045888	囚鸟	8	2293	1
5431784	雪落香杉树	8.4	5253	1
27035185	贝伦与露西恩	8.9	396	1
27065235	莉莉和章鱼	7.2	1777	1
1361264	撒哈拉的故事	9	94552	0
1057244	边城	8.6	99376	1
1082154	活着	9.1	181090	1
1023045	我们仨	8.7	123894	0
30270831	文学课：如何轻松理解伟大作品	8.4	367	0
27040629	箱庭战纪	8.5	831	0
27064644	北方大道	7.7	2248	1
20427187	看见	8.8	167213	0
3995526	目送	8.7	111849	0
4238362	送你一颗子弹	8.6	103125	0
1054685	沉默的大多数	9.1	58153	0
1088581	浮生六记	8.9	26880	0
30336863	回答不了	8.6	4590	0
27174130	北野武的小酒馆	8.1	6023	0
3369600	当我谈跑步时我谈些什么	8.1	56341	0
30280610	天长地久	8.6	3290	0
1865089	瓦尔登湖	8.4	30458	0
30304849	拍电影时我在想的事	8.9	785	0
1209899	我与地坛	9	26435	0
2070844	梦里花落知多少	8.8	39810	0
3369793	亲爱的安德烈	8.7	68755	0
4207781	孩子你慢慢来	8.8	38037	0
26278687	皮囊	7.6	56520	1
1767945	一只特立独行的猪	8.8	39859	0
1449352	朝花夕拾	8.7	35371	0
27046285	一定要，爱着点什么	8.4	352	0
27061132	我为你洒下月光	8.3	700	0
1016429	毛姆读书随笔	8.6	5116	0
27026325	不思议图书馆	7.2	949	0
27065497	六神磊磊读唐诗	7.7	2121	0
27006320	今日店休	8.6	2039	0
1082334	穆斯林的葬礼	8.2	94487	1
1043815	骆驼祥子	8.3	57889	1
1085799	白鹿原	8.7	62328	1
1022060	狼图腾	8.2	99050	1
11524204	围城	9.3	18317	1
1089243	黄金时代	8.8	78281	1
1090043	倾城之恋	8.5	107219	1
1449351	呐喊	8.9	50070	1
1254588	城南旧事	9	40151	1
1052990	草房子	9	9871	1
6781808	杀死一只知更鸟	9.2	31951	1
27054422	中国史纲（全三册）	8.3	160	0
27059487	伊甸园世界01：星之上	9.1	205	0
27037167	冷暴力	7.7	1462	0
27059884	碟形世界：猫和少年魔笛手	8.3	2934	1
1007914	窗边的小豆豆	8.7	82525	0
3646172	恶意	8.4	106346	1
27611824	如父如子	8.9	4673	1
2159042	挪威的森林	8.5	63198	1
26963321	步履不停	8.7	14307	1
1080370	情书	8.6	58847	1
3136271	罗生门	8.7	22591	1
28656614	山茶文具店	8.3	4532	1
26647769	人间失格	8.2	16471	1
27199470	刺杀骑士团长	7.5	15393	1
4742918	1Q84 BOOK 1	8.3	90396	1
1005521	伊豆的舞女	8.2	33029	1
26969582	火花	7.8	2389	1
26998070	咖啡未冷前	6.8	861	1
26939969	快乐	6.9	414	1
27063672	不干了！我开除了黑心公司	7.6	142	1
3071717	爱你就像爱生命	8.8	49889	0
2136140	雨季不再来	8.7	21254	0
1253310	人间草木	9	7837	0
19940743	文化苦旅	8.1	9263	0
1050339	文化苦旅	7.7	71118	0
27060588	常想一二，不思八九	8.7	245	0
27068072	一个人在途上	8.5	71	0
27068073	背影	9.1	70	0
27046066	我口袋里的星辰如沙砾	8	280	0
1059419	海边的卡夫卡	8.1	71411	1
1039752	且听风吟	7.8	47516	1
26889236	我的职业是小说家	8.3	12422	0
25733470	没有色彩的多崎作和他的巡礼之年	8.2	26525	1
1291809	世界尽头与冷酷仙境	8.6	29600	1
30177173	假如真有时光机	7.8	3252	0
1015452	国境以南 太阳以西	8.3	27833	1
4885241	1Q84 BOOK 2	8.4	55830	1
5502995	1Q84 BOOK 3	7.6	38727	1
2158189	海边的卡夫卡	8.5	24429	1
25982254	大萝卜和难挑的鳄梨	8.1	8258	0
21692813	眠	7.6	12413	1
26575679	当我谈跑步时，我谈些什么（2015典藏版）	8.4	4546	0
1031740	寻羊冒险记	8.1	21083	1
1020670	舞！舞！舞！	8.3	22862	1
6126817	边境 近境	7.8	1675	0
1011662	再袭面包店	8	8752	1
2158194	且听风吟	7.7	15411	1
26264956	袭击面包店	7.3	4809	1
30329883	马尔多罗之歌	9.2	246	0
1058661	飞鸟集	8.9	31708	0
1011754	海子的诗	8.9	21366	0
30328199	夜空总有最大密度的蓝色	6.9	591	0
3297888	云雀叫了一整天	8.5	7502	0
30242736	取瑟而歌	8.8	315	0
3597825	我的孤独是一座花园	8.6	9031	0
25858680	二十首情诗和一首绝望的歌	8.3	4059	0
26309691	月光落在左手上	8.3	6032	0
11584574	万物静默如谜	8.6	11705	0
26759579	事物的味道，我尝得太早了	8.6	3009	0
1883245	诗经	9.4	11996	0
27133274	孩子们的诗	9	3850	0
11516338	我是你流浪过的一个地方	8.6	2422	0
1203426	人间词话	9	21432	0
26309861	摇摇晃晃的人间	8.3	3501	0
6440343	荒原	8.9	1824	0
1045352	二十首情诗与绝望的歌	8.8	6698	0
30374067	年轻人，请忍受一下	9.1	76	0
26832913	二十亿光年的孤独	7.8	2150	0
27056383	一只狼在放哨	8.5	1158	0
27035254	智惠子抄	8.5	193	0
5363767	三体Ⅲ	9.2	135511	1
27193117	我们一无所有	8.9	1679	1
1013380	茶花女	8.2	67635	1
27074768	在所有声音中，我倾听你：赵又廷为你读诗	7.9	138	0
27088312	呕吐袋之歌	7.4	307	0
3265311	乡愁	8.1	295	0
3608208	牧羊少年奇幻之旅	8.6	76368	1
1046209	安徒生童话故事集	9.2	46206	0
1043008	格林童话全集	9	37596	0
1035848	一千零一夜	8.6	22571	0
1036274	夏洛的网	8.5	28977	1
30237190	银河铁道之夜	9	796	0
30299697	黑塞童话集	8	69	1
30288379	有呀有呀书店	9.2	880	0
1071241	哈利·波特与阿兹卡班的囚徒	8.9	92500	1
3554154	阿狸·梦之城堡	9	26758	0
20443559	小王子	7.6	21122	0
1056733	地下铁	8.3	43350	0
1039487	哈利·波特与密室	8.9	89188	1
1009257	哈利·波特与火焰杯	9	89000	1
6857344	夜莺与玫瑰	8.5	8166	0
1119839	王尔德童话	9.1	12615	0
5993314	安吉拉·卡特的精怪故事集	8	9116	1
27050816	大人心理童话	7.8	57	0
27050813	拯救王子的公主	8.1	62	0
27025046	飞越玫瑰园	6.9	77	1
3576486	小狗钱钱	9	9900	0
1085470	海底两万里	8.4	34251	1
1002898	父与子全集	9.2	21907	0
1318622	青铜葵花	8.7	4529	1
1064841	绿山墙的安妮	9.1	5640	1
1013129	哈利·波特与凤凰社	8.7	74481	1
27069925	不可思议的朋友	9	1420	0
27056437	小淑女	8.5	27	0
1063733	神秘的女老师	8.5	784	1
26796551	《葫芦兄弟》（全13册）	9.1	25	0
1019568	三国演义（全二册）	9.2	71729	1
1029553	西游记（全二册）	8.8	29751	1
1008357	水浒传（全二册）	8.5	31535	1
26610864	浮生六记	8.1	14627	0
1456692	金瓶梅	8.7	5965	1
27053166	红楼梦	9.7	941	1
10488580	鬼谷子	8.9	669	0
1053088	陶庵梦忆 西湖梦寻	9.2	3251	0
1014561	古文观止	9	10944	0
1059258	道德经	9.4	11860	0
30278349	宣华录	9.5	70	0
1042053	儒林外史	8.3	4652	1
1286547	菜根谭	8.6	6055	0
27006467	浮生六记	8.1	1711	0
4903692	东京梦华录	9.1	1409	0
1147193	世说新语	9.1	3663	0
27060684	民国诗学	8.5	24	0
7055707	话说金圣叹	8.5	16	0
1085860	基督山伯爵	9	65257	1
1008988	了不起的盖茨比	8.3	57696	1
1024197	巴黎圣母院	8.3	56336	1
1119522	呼啸山庄	8.4	71924	1
1205370	羊脂球	8.1	57089	1
1039840	查特莱夫人的情人	7.6	6179	1
27086031	孤独，一个人的狂欢	8.4	89	0
1088922	黑骏马	8	917	1
2060483	克雷洛夫寓言	7.8	291	0
1014578	我的精神家园	9.1	21907	0
1418686	红拂夜奔	8.6	19295	1
1082150	白银时代	8.4	20542	1
1082406	黄金时代	8.9	34593	1
30163860	绿毛水怪	9	1379	1
27013708	一只特立独行的猪	8.6	2628	0
3518332	绿毛水怪	9	9609	1
27013716	沉默的大多数	9	2016	0
27013741	黄金时代	8.9	1756	1
1085883	青铜时代	8.7	16271	1
1776683	沉默的大多数	9	12971	0
3264665	三十而立	8.7	5189	1
27111096	爱你就像爱生命	8.6	1171	0
1763806	万寿寺	8.6	6494	1
1418180	思维的乐趣	8.9	9378	0
1883992	黄金时代	9	5517	1
26427759	我的精神家园	8.5	37	0
2364742	王小波散文	9	718	0
1777932	寻找无双·东宫西宫	8.7	6624	1
1426971	野火集	8.8	22354	0
30314033	无所畏	7.1	2430	0
3344676	常识	8.1	38397	0
1398395	狂人日记	8.7	29336	1
30407050	有话说	7.7	747	0
30389935	四个春天	8.3	1010	0
20425053	我所理解的生活	7.6	20683	0
3860856	可爱的洪水猛兽	8.1	20189	0
3642673	我执	8	26369	0
6902639	青春	7.9	22752	0
27081293	角儿	8.6	1363	1
4299190	皮皮鲁魔鬼训练营	9.1	60	0
1075506	鲁迅杂文精选	8.8	323	0
27049319	人间有味	8.5	396	0
24540864	第七天	6.8	39682	1
4760224	许三观卖血记	8.9	25175	1
1401425	兄弟（上）	8.3	67614	1
20441957	兄弟	8.5	11094	1
1082138	在细雨中呼喊	8.3	18094	1
27064488	活着	9.5	2615	1
20421947	在细雨中呼喊	8.5	7145	1
1061118	活着	9.1	82531	1
4882133	兄弟	8.5	12803	1
1703544	兄弟（下）	7.4	39955	1
26291216	我们生活在巨大的差距里	6.5	3578	0
30259153	第七天	7.7	351	1
30178336	我只知道人是什么	6.9	605	0
20406553	现实一种	8.1	1327	1
27141102	许三观卖血记	9.3	713	1
2237621	十八岁出门远行	8.5	3482	1
20397280	黄昏里的男孩	7.9	731	1
1053543	内心之死	7.8	183	1
6073365	余华长篇小说	9.5	187	1
1046276	温暖和百感交集的旅程	8.1	1435	0
1031289	高潮	7.7	199	1
1014278	红玫瑰与白玫瑰	8.4	52292	1
1963684	半生缘	8.6	46529	1
1082162	第一炉香	8.4	22982	1
10757940	倾城之恋	8.7	12636	1
3017857	金锁记	8.5	35678	1
10757938	半生缘	9.1	5779	1
10757939	红玫瑰与白玫瑰	8.7	7083	1
3616310	小团圆	7.6	43645	1
10757941	小团圆	8.2	3340	1
1985223	倾城之恋	8.7	28096	1
10757942	怨女	8.4	2425	1
2267883	色，戒	8	13525	1
1980436	流言	8.7	8387	0
11614508	流言	8.9	1394	0
26333998	少帅	6.9	1400	1
1004992	张爱玲文集	8.8	12202	1
1015403	今生今世	7.7	9818	0
2008406	红楼梦魇	8.2	2938	0
1024468	金锁记	9.1	2034	1
1124750	张看	8.3	1416	1
1263657	张爱玲	7.3	72	0
25812145	盛妆·张爱玲	7.5	17	0
1126150	张爱玲文萃	8.2	76	0
3803820	人生	8.4	27087	1
1080309	尘埃落定	8.4	37021	1
3633461	一句顶一万句	8.7	24845	1
3239549	夹边沟记事	9.2	18886	0
1143694	动物凶猛	8.3	22108	1
3012517	小姨多鹤	8.6	20941	1
10517238	平凡的世界	9	21801	1
27007140	丙申故事集	7.5	575	1
26719954	我的前半生	7.6	164	1
27078754	地球纪元 I：太阳危机	6.9	100	0
4191642	五个女子和一根绳子	8.9	47	1
26874195	户口本	8.5	405	1
24745649	围城	9.2	8558	1
1069848	围城	9	25941	1
1061242	写在人生边上	8.8	5911	0
27070488	围城	9.2	900	1
1855364	围城	9.2	22904	1
1058679	人·兽·鬼	8.7	8636	1
1073349	写在人生边上 人生边上的边上 石语	8.8	7626	0
1041366	管锥编（全五册）	9.3	1146	0
1022914	谈艺录	9.2	900	0
1464989	围城	9.1	6986	1
1006781	七缀集	9	1779	0
2988964	管錐編（全四冊）	9.5	687	0
1076598	宋诗选注	8.8	2468	0
1039079	写在人生边上 写在人生边上的边上 石语	9	2053	0
2988970	谈艺录	9.4	519	0
4912688	干校六记	8.6	3934	0
4054726	围城 / 人·兽·鬼	9.3	888	1
27090318	生命从容 我心优雅：杨绛传	9	26	0
1067305	槐聚诗存	8	330	0
25807851	钱边缀琐	8	45	0
1007433	红与黑	8.2	31922	1
1205054	悲惨世界（上中下）	8.9	32978	1
1013502	钢铁是怎样炼成的	7.6	50397	1
1051193	麦琪的礼物	8.6	37691	1
1203251	雾都孤儿	8.1	21575	1
2154960	一个陌生女人的来信	8.7	62978	1
1258498	项链	8.3	24832	1
1006197	哈姆莱特	8.5	21292	0
4108901	Letter from an Unknown Woman	8.4	812	1
1014144	大卫·科波菲尔（上下）	8.3	5206	1
2174410	名利场	8.3	2128	1
1088065	阿Q正传	8.7	42914	1
1449348	彷徨	8.9	14157	1
1915958	野草	9.3	6223	0
1000517	故事新编	8.9	6600	1
25898626	鲁迅全集	9.8	479	0
1157014	伤逝	8.8	4568	1
1442720	鲁迅全集（2005最新修订版）	9.4	3724	1
2046909	故事新编	9.2	3823	1
26285194	故事新编	9.2	1441	1
1968084	而已集	8.8	827	0
1203363	中国小说史略	9.1	1259	1
1974027	热风	8.7	826	0
26710670	呐喊	9.3	836	1
1830621	呐喊	9.1	996	1
5905348	笑谈大先生	8.3	5605	0
25778507	朝花夕拾	9.2	333	0
25745773	呐喊	9.6	469	1
2058956	影的告别	8.5	53	0
26938278	野草	9.5	14	0
30421237	纳兰词（全二册·全词笺注彩图版）	9.1	217	0
30382761	讲给孩子的唐宋诗	8.9	30	0
2005705	唐宋词十七讲	9.1	2444	0
1856285	人生若只如初见	7.2	45321	0
1013267	唐诗三百首	9.3	9571	0
11601199	人间词话	9.1	2336	0
30160617	四时之诗：蒙曼品最美唐诗	8.2	475	0
30252866	花间集	9.3	283	0
27204933	古诗词课	8.4	110	0
1910477	千秋一寸心	8.9	1569	0
25793097	唐诗鉴赏辞典（新一版）	9.7	233	0
3994721	纳兰容若词传	8	4493	0
10354427	蒋勋说唐诗	8.2	2759	0
3993392	苏轼词集	9.4	696	0
1201620	人类群星闪耀时	8.3	3282	0
1062343	昨日的世界	9.2	7438	0
1083762	人类的群星闪耀时	8.7	14772	0
27128608	一个陌生女人的来信	9	906	1
6538430	人类群星闪耀时	8.5	2993	0
2158684	象棋的故事	9	6278	1
4238162	昨日的世界	9.4	3234	0
3136255	一个陌生女人的来信	8.8	9829	1
3757732	人类的群星闪耀时（增订版）	8.9	6313	0
1051524	断头王后	8.3	1205	0
26271420	一个陌生女人的来信	9.3	552	1
10574912	一个陌生女人的来信	9	1916	1
26334507	人类的群星闪耀时	8.6	1616	0
1159939	一个陌生女子的来信	8.6	23466	1
27037087	断头王后：玛丽·安托瓦内特传	8.6	250	0
1465543	异端的权利	8.8	1705	0
1818583	斯·茨威格中短篇小说选	9.1	2487	1
2146279	心灵的焦灼	8.9	2679	1
5404162	一个女人一生中的二十四小时	8.6	2725	1
20444098	茨威格读本	8.7	83	1
3320904	蒙田	8.5	520	0
1760134	茨威格小说集	9.1	650	1
2146277	一个政治性人物的肖像	9.1	885	1
4920007	不能承受的生命之轻	8.8	22627	1
1013225	生活在别处	8.4	26271	1
6711405	不能承受的生命之轻	8.9	6491	1
25900384	不能承受的生命之轻	9.1	2058	1
1060117	不朽	8.6	11152	1
1433377	生命中不能承受之轻	8.7	8632	1
25881325	庆祝无意义	7.1	6463	1
1016486	笑忘录	8.4	9208	1
1052828	玩笑	8.4	9505	1
5936857	笑忘录	8.5	1559	1
1063796	小说的艺术	8.7	4164	1
1025336	慢	7.9	8923	1
1064828	好笑的爱	8.4	7061	1
1023709	被背叛的遗嘱	8.4	3733	1
1057197	无知	8.1	6243	1
5917662	生活在别处	8.5	2377	1
5918057	玩笑	8.8	1121	1
1876746	帷幕	8.3	2679	1
1037954	告别圆舞曲	8.4	5583	1
1030366	身份	8.1	6169	1
1486225	秋天死于冬季	6.9	72	1
1400705	情人	8.1	103759	1
3908240	情人	7.8	8674	1
1400707	广岛之恋	8.1	12849	1
25861387	情人	7.5	2391	1
1793713	中国北方的情人	8.4	4004	1
1400717	写作	8	3526	0
1078554	情人	8	8141	1
1793718	爱	7.7	2253	1
1793721	琴声如诉	7.9	4076	1
3571360	长别离	8.3	1421	1
2147647	物质生活	7.9	3101	0
3551720	情人	8	243	1
3571554	抵挡太平洋的堤坝	8.3	1031	1
30141453	1962-1991 私人文学史	8.1	63	0
26879325	杜拉斯谈杜拉斯	8.4	344	0
3571371	平静的生活	8.2	1574	1
27136528	伊甸园影院	7.7	52	1
3571555	直布罗陀水手	8.3	859	1
25873157	爱，谎言与写作	8.1	320	0
1465705	L&#39;Amant	8.7	234	1
26140381	永远的情人杜拉斯	8.1	46	1
1400181	昂代斯玛先生的午后	7.3	1350	1
4219013	成天上树的日子	7.5	456	1
26912477	杜拉斯传	7.6	25	0
30348380	余英時回憶錄	9.2	90	0
30390432	伸出蘭花指	9.4	21	1
25922755	像我这样的一个读者	7.9	327	0
1705507	胭脂扣	8	8213	1
1360943	度外	7.5	32	1
26699780	民國政府的西藏專使（1912–1949）	9.4	38	0
30283331	冲吧！大小姐	7.8	40	0
30382687	度外	8.4	182	1
27623526	東印度公司與亞洲的海洋	8.3	18	0
1385581	唐滌生的文字世界 ─ 仙鳳鳴卷	8.8	33	0
30165631	越南	8.9	35	0
3189895	孤琴	8.2	73	0
1389252	文化研究	8.8	22	0
26852215	黑色的歌	8.5	34	0
1046172	流金岁月	8.4	7484	1
1484307	纵横四海	7.8	1467	1
2022979	喜宝	8	51578	1
2115040	玫瑰的故事	7.9	11747	1
2284090	开到荼蘼	7.5	11284	1
26602392	你今天真好看	8.7	31704	0
30327868	非平面	8.4	736	0
30377585	成功的聪明人太多了，我必须为笨蛋争口气！	7	1456	0
1066462	向左走·向右走	8.4	81683	0
30338769	梦的化石	8.2	1120	0
30191803	半小时漫画世界史	7.5	7362	0
27003014	半小时漫画中国史（修订版）	7.4	9895	0
27194720	追寻逝去的时光·第一卷：去斯万家那边	9.2	879	0
30163844	镖人	8.3	5588	0
26755503	我可以咬一口吗	8.8	12841	0
30206117	半小时漫画中国史2	7.3	3493	0
5949213	大叔上等	9.3	1388	0
30331243	镖人	8.4	1150	0
1474773	海贼王	9.5	30305	0
30232294	半小时漫画中国史3	7.6	2385	0
30234130	芬兰人的噩梦	7.4	4219	0
30247517	镖人	8.2	1755	0
26953603	全民审判	8.6	836	0
27055849	再一次	7.6	298	0
27072981	遗产	8.7	2328	0
27090965	來自深淵(01)	8.8	152	0
27045865	深夜食堂 18	8.7	150	0
3006581	无人生还	8.9	53244	1
1827374	东方快车谋杀案	9	55013	1
1040211	福尔摩斯探案全集（上中下）	9.2	59351	1
4074636	放学后	7.6	93609	1
25924253	嫌疑人X的献身	9	39634	1
30237176	十九年间谋杀小叙	8.3	1745	1
27608412	默读	8.5	11920	1
26877752	恶意	8.7	15075	1
3013903	漫长的告别	8.1	12134	1
30325325	全能侦探社	8.6	280	1
26923390	长夜难明	8.6	13195	1
24859822	无人生还	8.7	14633	1
30372199	天谴者	7.4	1250	1
27200261	假面山庄	7.6	5601	1
27042830	幽灵	8.5	2815	1
1864553	雪地殺機	7.1	2915	1
27055133	神秘组织	7.3	291	1
27031877	明镜之书	7.6	500	1
26971240	尸案调查科第二季1：罪恶根源	6.8	321	1
30228730	观山海	8.7	1970	0
4714734	这些都是你给我的爱	8.4	50139	0
30302300	两个人的头两年	9	1026	0
3014576	陪安东尼度过漫长岁月	8.3	49292	0
30318719	电幻国度	8.4	574	1
1346815	一個人住第5年	8.4	37466	0
1358873	月亮忘記了	8.6	39124	0
27076521	流学的一年	8.5	437	0
27083174	乌干菜 白米饭	8.6	63	0
27041316	假如生活糊弄了你	8.3	294	0
26414020	我不喜欢这世界，我只喜欢你	8	42224	0
24754316	最好的我们	8.8	28896	1
30336340	撒野	9.2	2387	0
4231381	那些回不去的年少时光	8.5	35593	1
2053249	麦田里的守望者	8.1	49363	1
25747921	从你的全世界路过	7	91035	1
2062200	悲伤逆流成河	6.2	92220	1
1958227	那些年，我们一起追的女孩	8.2	30428	1
1020459	此间的少年	8.4	39843	1
4737329	龙族Ⅰ	7.7	15704	1
27053309	那个送我筋斗云的美少年	7.9	103	1
27059051	拂过冬季到云来	7.8	400	0
27064941	朝花惜时	7.6	281	0
27088158	你是我最喜欢的爱情模样	9.9	31	0
26639966	新参者	8.3	10647	1
4009552	幻夜	7.5	51838	1
26413027	虚无的十字架	7.5	29748	1
3102324	秘密	7.7	34356	1
4152754	时生	7.7	30577	1
6746289	新参者	8.4	20509	1
30380271	危险的维纳斯	6	1185	1
26651926	红手指	8.1	5751	1
26920165	拉普拉斯的魔女	6.8	10388	1
26118072	祈祷落幕时	7.7	16762	1
27037149	造彩虹的人	6.4	1192	1
3926665	伽利略的苦恼	7.3	10094	1
20449829	我杀了他	7.4	5728	1
3266609	流浪地球	8.7	29870	1
3066477	三体Ⅱ	9.3	136700	1
30161861	与罗摩相会	8.8	1469	1
1192090	球状闪电	8.7	34576	1
10767124	乡村教师	8.6	7132	1
6518605	三体全集	9.3	13009	1
26807573	流浪地球	8.4	2726	1
25829693	永恒的终结	9	16716	1
26295448	你一生的故事	8.6	14421	1
26264967	神们自己	8.4	12150	1
26389895	银河帝国：基地七部曲	9.5	1651	1
1321789	美丽新世界	8.6	15021	1
3983118	流浪地球	8.4	1717	1
26210607	时间移民	8.4	6668	1
10608315	华氏451	8.2	2706	1
26991560	机器人间	8.4	125	1
26819481	摩天楼	7.7	254	1
27063968	异形：契约	8.1	144	1
27068338	飞行中的阴影	7.3	88	0
27078239	未来犯罪	8.2	70	0
1948901	盗墓笔记	8.3	91185	1
26899537	长安十二时辰	8.5	16803	1
1829226	肖申克的救赎	9.1	51491	1
27028265	诡梦镜中人	8.3	191	1
27081352	控虫师之夜莺星云	8.7	70	0
5916880	华胥引（全二册）	8.4	48856	1
27127822	君子报恩	7.9	1199	1
30140824	楚楚很动人	6.8	445	1
1812439	步步惊心	8.1	40806	1
1461903	何以笙箫默	7.8	127001	1
3879301	微微一笑很倾城	7.9	85409	1
30164967	知否知否应是绿肥红瘦	7.4	3053	1
30241634	亿万斯年	7.9	737	1
30171199	君子报恩2	7.3	301	1
30352478	你是我的怦然心动	9.1	559	1
30187394	楚楚很动人2	7.4	287	1
30273344	青梅七分甜	7.1	170	1
30366570	至尊红娘	9.1	554	1
26148475	你和我的倾城时光	6.7	3665	1
4871447	东宫	7.3	21453	1
3426869	三生三世 十里桃花	7.9	73348	1
26851806	招摇	7.6	1755	1
20503653	三嫁惹君心（上下）	6.9	1797	1
26976497	丝路情缘	9.7	196	0
1882933	鬼吹灯之精绝古城	8.1	50359	1
1432596	哈利·波特与混血王子	8.8	78079	1
2295163	哈利·波特与死亡圣器	9	69302	1
6434543	龙族Ⅱ	8	11707	1
1336330	冰与火之歌（卷一）	9.3	26644	1
25825717	龙族Ⅲ	8.2	7476	1
25826936	冰与火之歌	9.5	3647	1
30165023	北欧众神	7.6	1766	1
1321017	九州·缥缈录	8.8	22501	1
26962859	美国众神	7.7	4413	1
1059406	幻城	7	96072	1
26956486	无根之木	7.7	225	1
27000960	魔法坏女巫	7.8	398	1
20473089	有顶天家族	8.6	3090	1
1255625	天龙八部	9.1	70077	1
1002299	笑傲江湖（全四册）	9	62135	1
1255624	神雕侠侣	8.8	56097	1
1044547	射雕英雄传（全四册）	8.9	41701	1
1070851	倚天屠龙记(共四册)	8.5	31978	1
1212893	鹿鼎记（全五册）	8.8	32811	1
30126626	一瓣河川	8.7	401	1
27198567	有匪（全集）	8.9	2770	1
30366217	无羁	8.8	1095	0
1919201	七夜雪	8.4	28279	1
1789842	侠客行	7.4	10572	1
30218904	镖人	8.4	2479	0
1076045	连城诀	7.7	17639	1
1793132	白马啸西风	7.6	17425	1
1559310	鹿鼎记	9	9520	1
1789837	射雕英雄传	9	15303	1
1049219	长安乱	7.4	77753	1
21336104	灵飞经·第三卷·印神无双	7.3	452	1
1988326	虹猫蓝兔七侠传（第1卷）	7.4	71	0
27025053	金庸师承考	7.5	62	0
1789841	倚天屠龙记	8.7	14348	1
27058803	雪中悍刀行 17	8.5	257	1
30244560	海街日记（全7册）	9.6	221	0
2237820	Www.	7.3	578	0
24844166	黑貓男友的逗弄方法	8.4	546	0
2123707	新宿夜啼鸟	7.8	170	0
1467239	铳梦	9.2	3047	0
30174103	荒木飞吕彦的漫画术	8.7	509	0
26939973	散步去	8.5	3501	0
30270978	手冢治虫：原画的秘密	8.5	102	0
3868473	禁忌的拇指恋人	6.4	53	0
20470917	深夜食堂 01	9.1	16154	0
3114959	至死不渝的愛	8.8	4155	0
1442680	伊藤潤二恐怖漫畫精選【1】	8.7	6432	0
1853785	天是红河岸	8.8	17965	0
6778589	我的粉色系玩具	7.3	89	0
1440468	漩涡	8.9	10945	0
26856300	メイドインアビス 3	9.6	29	0
26856295	メイドインアビス 4	9.1	35	0
25789736	舞動青春 01	9.2	122	0
25815831	舞動青春 06	9.4	41	0
27066397	メイドインアビス 5	8.4	27	0
26840298	无人生还	8.7	18796	1
24153048	东方快车谋杀案	8.9	15617	1
21371175	罗杰疑案	9.1	8126	1
3187737	占星术杀人魔法	8.3	23029	1
25697546	尼罗河上的惨案	8.6	6958	1
27044048	鸦雀无声	7	229	1
27070071	迟来的翅膀	8.6	478	0
26939596	殺破狼	9	6339	1
26924196	魔道祖師 一	8	14843	1
26281913	镇魂	8	8971	1
30307059	默读.3	8.7	1274	1
30246163	默读.2	8.6	2143	1
27061120	六爻	8.7	2772	0
30181592	天官賜福 一	7.4	1146	1
30141639	残次品	8.9	1249	1
30230060	AWM(絕地求生) 上	7.9	843	1
26778494	大哥	8.6	3816	1
6382810	優柔有情人 (1)	9.3	201	0
27168013	Killing stalking: 1 杀戮跟踪	9.1	291	0
27094488	过门	8.5	1633	1
26341728	山河表里	8.1	2268	1
27075479	人渣反派自救系統 上	7.5	1072	1
27174255	鬓边不是海棠红	8.7	360	1
27072051	不疯魔不成活	9	425	1
21356967	獨占我的英雄	7.8	142	0
27075484	人渣反派自救系統 下	7.5	633	1
27075481	人渣反派自救系統 中	7.5	558	1
5275059	1988：我想和这个世界谈谈	7.9	129195	1
1026425	三重门	7.4	101727	1
1453210	一座城池	7.4	55428	1
3394338	他的国	7.5	53097	1
1009160	像少年啦飞驰	7.3	37636	1
30362020	幼稚园：今日宜远游	5.7	224	0
1034108	零下一度	7.2	37014	1
1063245	通稿2003	7.6	21669	1
2133556	光荣日（第一季）	6.9	27464	1
3009033	杂的文	7.8	20353	0
1914078	三重门	7.6	12875	1
25931540	告白与告别	6.5	4395	0
1046385	毒	7.1	15324	1
24851617	1988：我想和这个世界谈谈	7.7	1479	1
1440101	就这么漂来漂去	7.2	12890	1
1470158	圆舞	8	11910	1
1030153	她比烟花寂寞	7.5	13078	1
3439437	阿修罗	7.7	5712	1
1613372	喜宝	8.4	7415	1
1361268	朝花夕拾	8.3	3256	1
3073494	人淡如菊	7.4	10332	1
1484300	承欢记	7.6	3485	1
1957045	印度墨	7.5	5107	1
27084263	承欢记	7.4	315	1
1892491	如果墙会说话	7.8	8692	1
3073492	痴情司	7	2975	1
1322328	不羁的风	7.4	7826	1
27084265	某家的女儿	6.6	166	1
1980585	寒武纪	7.6	3779	0
1016053	胭脂	7.5	3296	1
1055187	我的前半生	8.4	2644	1
1499753	變形記	7.3	1617	1
1873231	明朝那些事儿（壹）	8.7	113335	1
2326571	琅琊榜	8.5	19427	1
6953273	盗墓笔记	8.5	15880	1
3705820	斗罗大陆（全14卷）	7.2	8544	1
2004407	后宫·甄嬛传Ⅰ	8	19841	1
3674537	明朝那些事儿（1-9）	9.1	48753	1
2283084	云中歌1	8.1	20925	1
22933018	斗破苍穹	6.4	2479	1
6710437	撒哈拉的故事	9.3	41730	0
1036490	万水千山走遍	8.8	20531	0
1060068	撒哈拉的故事	9.2	43173	0
1029111	哭泣的骆驼	8.9	34333	0
2068249	温柔的夜	9.1	9818	0
26997048	撒哈拉的故事	9.1	1753	0
3607117	稻草人手记	8.9	9756	0
6558707	梦里花落知多少	9	7793	0
6558705	雨季不再来	8.5	6365	0
6558709	万水千山走遍	8.6	5399	0
1065239	我的宝贝	8.5	8669	0
25803923	你是我不及的梦	7.8	2545	0
3698390	送你一匹马	8.6	6866	0
6558706	温柔的夜	8.9	4462	0
6820477	滚滚红尘	8.2	2754	0
6558708	稻草人手记	8.9	4471	0
3713237	亲爱的三毛	8.7	7280	0
1050870	三毛经典作品（上下）	9.3	2192	0
3054373	荷西 我爱你	9.2	2418	0
1013801	倾城	8.8	3903	0
5375614	三毛散文全编	9.6	34	0
2137632	天堂之鸟	9	166	0
30415612	夏摩山谷	7.4	1366	1
1529893	莲花	8	82929	1
1063190	蔷薇岛屿	8	29311	1
2256438	素年锦时	7.8	53953	1
1029159	八月未央	7.5	49891	1
1065970	彼岸花	7.8	49841	1
6710720	春宴	6.9	15878	1
1016523	告别薇安	7.5	38823	1
1030052	清醒纪	7.9	46011	1
30217243	镜湖	7.6	508	0
20413794	眠空	7.6	8017	0
25898124	得未曾有	7.6	5195	0
1058234	二三事	7.7	36541	1
26785701	月童度河	7.3	4164	0
1006073	七月与安生	7.5	14047	1
1436348	八月未央（修订版）	7.7	12026	1
24860561	且以永日	7.4	1649	0
6751046	莲花	8.1	1081	1
26900050	仍然	7.1	648	0
2317973	素年锦时	8.1	11334	1
3327047	选择之道	5.6	603	0
1784129	赤道往北21度	7.8	153	1
10537434	八行书	7	229	1
25941890	海伯利安	9.2	3653	1
24715686	仿生人会梦见电子羊吗？	8.7	5048	1
20470849	神的九十亿个名字	8.4	3535	1
27046906	知更鸟女孩3	7	438	1
27017794	家族八景	7.5	307	1
1818347	尼罗河上的惨案	8.7	24407	1
24737009	ABC谋杀案	8.3	5589	1
1807516	罗杰疑案	8.9	19816	1
30175836	阿加莎·克里斯蒂的真实人生	8.7	480	0
25986273	五只小猪	8.5	2232	1
21692860	斯泰尔斯庄园奇案	7.8	2838	1
26292535	帷幕	8.9	2353	1
1903164	ABC谋杀案	8	11978	1
25929085	阳光下的罪恶	8.1	1945	1
27024106	阿加莎·克里斯蒂自传	8.9	669	0
24535899	悬崖山庄奇案	8.2	1587	1
1805514	阳光下的罪恶	8.2	10482	1
25905706	高尔夫球场命案	8.1	1032	1
3243100	奉命谋杀	7.5	1284	1
1920565	空谷幽魂	7.5	2536	1
1827376	死亡约会	7.8	4929	1
1122182	赫尔克里的丰功伟绩	7.6	797	1
5254321	幽巷谋杀案	7.4	583	1
1442037	书剑恩仇录	7.2	7539	1
1068308	雪山飞狐	7.6	17297	1
6969074	天龙八部	9.4	1769	1
1058956	碧血剑	7.4	7404	1
3532347	金庸全集	9.6	2871	1
1052380	飞狐外传(上下)	7.7	12156	1
10466059	射雕英雄传	9.1	1465	1
1212910	笑傲江湖（全四册）	9.3	3936	1
27025043	金庸江湖志	7.1	82	0
27025051	金庸随想录	6.9	35	0
26797723	鹿鼎记（新修版）	9.2	171	1
27074769	金庸十二钗	7.1	56	0
10468852	海棠依舊: 知否? 知否? 應是綠肥紅瘦 卷一	8.5	4556	1
26947907	海棠依旧：知否？知否？应是绿肥红瘦（壹）	7.9	821	1
25747128	庶女·明兰传1	8.5	1118	1
26853361	夜旅人	8.5	2620	1
4833933	小女花不弃	7.2	2227	1
2009825	绾青丝Ⅰ	7.5	23742	1
3155622	庆余年·壹	8.3	10517	1
2300626	蔓蔓青萝（全2册）	7.4	17686	1
1668021	寻秦记	8.1	6318	1
2048364	独步天下（上下卷）	8	18901	1
26957420	临高启明	8.7	709	1
3561591	凤囚凰（上中）	7.9	18022	1
6437035	扶摇皇后（上下）	7.3	5150	1
3123939	不负如来不负卿1	8	14681	1
2281912	醉玲珑（上卷）	7.6	11378	1
25963640	第一风华1·天赐良缘（上下）	5.3	127	1
3666772	寻秦记	8.1	109	1
20501270	大唐明月1·风起长安	8.6	1992	1
25832464	凤逆苍穹1	8	116	1
1016300	梦里花落知多少	7.1	154246	1
3191328	小时代1.0折纸时代	6.5	64787	1
4038164	小时代2.0虚铜时代	6.3	38070	1
6828611	小时代3.0：刺金时代	6.3	17371	1
1049189	1995-2005夏至未至	7.3	71384	1
4818929	夏至未至	7.7	16775	1
3056892	幻城	7.4	20051	1
2700656	悲伤逆流成河	6.9	11191	1
4920037	临界·爵迹 I	6.9	11783	1
1006881	左手倒影，右手年华。	6.7	39234	1
4920036	临界·爵迹 Ⅱ	7.1	8548	1
26794352	悲伤逆流成河	5.4	314	1
1041550	爱与痛的边缘	6.6	20494	1
26824353	爵迹：冷血狂宴	6.3	228	1
25745152	愿风裁尘	6.6	1950	0
1948502	1995-2005夏至未至	7.7	20176	1
26818782	爵迹：雾雪零尘	6.9	299	1
5915713	爵迹•燃魂书	6	2381	1
4864202	小时代1.5·青木时代VOL.3	6.9	1161	0
5411085	小时代1.5·青木时代VOL.4	6.9	602	0
2973013	周杰伦@大灌篮	7.8	276	0
24733576	小时代电影全记录(精装版)	7.8	75	0
25752955	来自新世界 （上下）	9.1	5049	1
26328385	青春豬頭少年不會夢到兔女郎學姊	8.1	165	0
26314932	言叶之庭	8.4	1078	1
25892458	盾之勇者成名錄 01	6.1	67	1
24530152	我的青春恋爱喜剧果然有问题 01	8.7	471	1
27033920	青春豬頭少年不會夢到懷夢美少女	8.4	84	0
26775278	青春豬頭少年不會夢到嬌憐看家妹	9	80	1
3920144	春宵苦短，少女前進吧！	8.7	2478	1
27017799	胰脏物语	7.4	396	1
26980300	三日间的幸福	8.3	307	0
26673193	青春豬頭少年不會夢到戀姊俏偶像	7.2	74	1
26614437	青春豬頭少年不會夢到理性小魔女	8.5	86	1
4934551	渴望死亡的小丑	8.5	2487	1
27046751	青春豬頭少年不會夢到初戀美少女	8.7	77	0
26413318	青春豬頭少年不會夢到小惡魔學妹	8.4	99	1
5243461	渴求真爱的幽灵	8.6	1689	1
2972547	文学少女 01	8.5	2530	1
26826548	我想吃掉妳的胰臟	7.2	432	1
5300400	沉陷过往的愚者	8.6	1403	1
26734976	歡迎來到實力至上主義的教室 01	6.8	98	1
27011958	末日時在做什麼？有沒有空？可以來拯救嗎？ 04	8.8	37	0
27069624	末日時在做什麼？有沒有空？可以來拯救嗎？ 05	7.3	29	0
4874131	东霓	8.1	35277	1
26858577	少年的你，如此美丽	6.7	3132	1
3598313	西决	7.9	51368	1
27139846	我在未来等你	7.1	2804	1
2567919	匆匆那年（上下）	8.3	31340	1
25829434	暗恋·橘生淮南	7.9	9977	1
2331434	原来你还在这里	7.6	41054	1
27041617	我偏爱那些不切实际的浪漫	7.5	146	1
27067315	大忘路	6.9	150	0
27131538	白天的房子，夜晚的房子	8.6	1016	1
21979017	魔戒	9.5	2368	1
20370889	霍比特人	8.6	5100	1
1028779	神奇动物在哪里	8.1	2967	0
26984868	神奇动物在哪里	8.3	412	0
27124847	葡萄牙的高山	8.5	3463	1
1040104	魔戒（第一部）	8.8	12184	1
2304072	一桩事先张扬的谋杀案	8.3	161	1
7047305	查理九世11·冥府之船	8	263	0
10763427	查理九世15·海龟岛的狩猎者	7.8	199	0
3665874	星空	9	17480	0
1021847	我的心中每天开出一朵花	8.5	21930	0
30284415	不爱读书不是你的错	9.3	202	0
6007431	我不是完美小孩	8.4	5233	0
1059937	微笑的鱼	8.4	14101	0
1070441	月亮忘记了	8.6	13378	0
1367964	布瓜的世界	8.2	13700	0
3699108	我的错都是大人的错	8.6	11526	0
1049354	又寂寞又美好	8.6	15722	0
30264909	忽远忽近	8.2	115	0
1367458	照相本子	8.4	16765	0
10862975	向左走向右走	8.8	804	0
1061367	幸运儿	8.4	11179	0
1358413	我只能為你畫一張小卡片	8.5	17785	0
26825460	我的世界都是你	8.4	473	0
1031575	听幾米唱歌	8.1	13176	0
1013248	向左走·向右走	8.6	9204	0
19962475	又寂寞又美好	8.8	78	0
1467999	失乐园 Paradise Lost	8.9	989	0
1824204	星空	9	48	0
11542226	1.2.3.木头人	7.8	41	0
1026411	你们 我们 他们	8.2	7625	0
26117896	故事的开始	8.5	226	0
20418203	拥抱	8.4	1516	0
1761056	蓝石头	8.3	11181	0
3770707	恋之风景	8.3	2835	0
1045247	面包树上的女人	7.7	23287	1
3521168	谢谢你离开我	7	7039	0
2060432	红颜露水	7	5345	1
3053868	永不永不说再见	7.9	8719	1
1028780	三个A Cup的女人	7.6	11524	1
3176771	面包树上的女人	7.8	8368	1
1096118	流浪的面包树	7.9	7031	1
25831335	我这辈子有过你	7.1	1215	1
25997403	红颜露水	6.4	782	1
1082173	面包树出走了	7.8	6846	1
1032945	荷包里的单人床	7.7	7169	1
19989622	面包树出走了	7.4	1032	1
19989623	流浪的面包树	7.5	990	1
26434140	雪地里的单车	7.1	163	1
6392678	想念	7.5	2811	0
27096817	请至少爱一个像男人的男人	6.4	290	0
26417675	致遗忘了我的你	5.8	550	1
30383623	后来我学会了爱自己	8.3	16	0
1067701	情人无泪	7.7	2619	1
25879266	我在云上爱你	6.7	403	1
26871656	哈利·波特与被诅咒的孩子	7.3	4536	1
3338175	诗翁彼豆故事集	8	4799	0
26126183	哈利·波特与魔法石（纪念版）	9.2	1193	1
19898714	偶发空缺	7.6	4247	1
30282483	短篇故事集霍格沃茨勇气·磨难与危险嗜好	8.8	85	1
25962533	神奇动物在哪里	8.3	691	1
30282484	霍格沃茨不完全不靠谱指南	8.2	67	1
26126497	哈利·波特与密室（纪念版）	9	464	1
30282482	短篇故事集霍格沃茨力量·政治与恶作剧幽灵	8.1	63	1
26126498	哈利·波特与阿兹卡班囚徒（纪念版）	9.2	410	1
26126139	哈利·波特与火焰杯（纪念版）	9.3	369	1
1095495	哈利·波特的魔法世界	6.8	988	0
1435045	哈利・波特的“母亲”――J・K・罗琳传	6.5	141	0
1458404	哈利·波特密匙	7.6	133	1
1422833	多情剑客无情剑(上、中、下)	8.7	13338	1
1089512	陆小凤传奇	8.7	13727	1
1264579	欢乐英雄	8.8	10655	1
20397330	小李飞刀1：多情剑客无情剑（上中下）	8.7	3532	1
1089521	楚留香传奇	8.4	12211	1
1089518	萧十一郎	7.9	10769	1
1089511	三少爷的剑	7.5	8361	1
1704006	边城浪子（上下）	8	7052	1
1089517	绝代双骄（全三册）	8.4	12981	1
1480630	天涯·明月·刀	7.9	6551	1
1089515	武林外史（上下）	7.8	8515	1
30297703	古龙小说原貌探究	9.4	57	1
1089523	七种武器（全三册）	8.3	7834	1
1089510	流星·蝴蝶·剑	7.8	8569	1
20516999	陆小凤传奇1：金鹏王朝	8	1781	1
21778097	七种武器 1：长生剑·孔雀翎	8.1	722	1
20397327	小李飞刀2：边城浪子（上下）	8	1390	1
20397334	楚留香新传1：借尸还魂	7.1	1049	1
21778489	萧十一郎	8.1	1237	1
20397341	楚留香新传2：蝙蝠传奇	8	929	1
2245856	楚留香	8.5	167	1
3060505	古龙妙语录	8.9	22	0
25810168	谁来与我一起干杯	6.9	23	0
6387054	一个人住的每一天	8.6	7746	0
4780102	一个人住第9年	8.4	11078	0
30309248	已經不是一個人	9.2	46	0
5940434	一个人的美食之旅	8.3	6242	0
26389520	肚子饿万岁	8.4	1451	0
27030108	节日万岁！	8	878	0
26886428	一个人住第几年？	8.6	777	0
25789620	一个人上东京	8.4	530	0
1344548	150cm Life	8.1	7266	0
1475048	150cm Life 2	8	7476	0
1758767	人气绘本天后高木直子作品典藏（全6册）	8.2	14779	0
26411083	一个人的小繁华①	8.2	563	0
27103840	不靠谱的饭菜	8.6	312	0
4906101	一个人旅行2	8.4	8042	0
25810830	第一次一个人旅行	8.2	586	0
25810764	一个人的第一次	7.7	392	0
2258803	一個人去旅行	8.3	8084	0
1780565	一個人的第一次	8.2	7741	0
6852200	一个人暖呼呼	8.2	1726	0
26282049	150cm life 2	7.5	92	0
26901396	一个人暖呼呼	7.6	40	0
3146951	浮き草デイズ 1	8.3	68	0
1478487	曼珠沙华	7.8	12798	1
1326828	镜·双城	8.3	8670	1
26867351	朱颜	7.4	506	1
1256186	护花铃	8.3	11365	1
2271450	镜·神寂	8.6	9639	1
1442920	镜·破军	8.2	7673	1
1010520	血薇	8.1	10724	1
26792696	镜（全6册）	8.5	485	1
2382709	镜·辟天	8.5	6776	1
2382711	镜·龙战	8.6	6974	1
2382707	镜·双城	8.6	6722	1
2114580	听雪楼系列典藏版（全三册）	8.7	4786	1
27040916	朱颜	7.3	171	0
6440764	羽·黯月之翼	7.7	1800	1
1313159	大漠荒颜	8.1	7782	1
6802392	七夜雪	8.4	1545	1
26134061	忘川 上	7.3	1265	1
25725506	羽·苍穹之烬	7.1	858	1
2302080	神之右手	7.8	3755	1
26591331	你好，旧时光	8.4	4010	1
4045289	人不彪悍枉少年	8.3	121	1
5988597	独家记忆	7.7	4844	1
30205673	她的小梨窝	6.8	467	1
26851686	《 猎能者Ⅰ猎能学院》	8.7	292	0
30299073	王子病	9.6	76	0
6773643	橘生淮南·暗恋	8.1	11584	1
1291760	会有天使替我爱你	6.6	45681	1
2209098	致我们终将逝去的青春	7.8	85604	1
1007334	草样年华	7.1	30576	1
1036067	那小子真帅	6.5	21265	1
27077325	你的怪兽男友	7.8	92	0
27070310	やがて君になる 4	8.2	56	0
27077281	无人等候	7.9	53	0
1041057	非法智慧	8.4	671	1
1227838	年华是无效信	7.6	40400	1
3103080	须臾	7.6	24012	0
1440089	那些生命中温暖而美好的事情	8.3	21490	1
2382705	不朽	7.6	26945	0
1915536	尘埃星球	7.3	27022	1
30198852	全宇宙至此剧终1	7.2	514	1
30198856	全宇宙至此剧终2	6.8	383	1
5403007	剩者为王	7.6	10716	1
11505945	剩者为王Ⅰ	7.3	1877	1
26262056	有生之年	7.4	1126	0
4746554	年华是无效信	7.9	9453	1
11505946	剩者为王Ⅱ	7.2	2810	1
6088152	千秋	7.9	7613	1
26767808	21	6.4	143	0
25730234	17	7	647	0
6017133	下一站·神奈川	6.6	2477	0
6511745	万象	8	4975	0
23752074	文艺风象·甜点再甜点	7.9	231	0
1069071	岛	6.9	4663	1
2298304	最小说	7.4	903	1
20401142	文艺风象·书天堂	7.8	154	0
26705450	文艺风象·辣么好吃	7.6	30	0
27047705	文艺风象	7.6	381	0
27071936	文艺风象	7.7	620	0
10569615	文艺风象·信达雅之烦恼	8.1	823	0
30385318	鲤·时间胶囊	8.4	99	1
27124852	我循着火光而来	7.3	1512	1
26821459	茧	7.3	3324	1
1018153	水仙已乘鲤鱼去	7.8	31278	1
30192883	鲤·匿名作家	6.8	160	1
1012802	十爱	7.2	17027	1
1914572	誓鸟	7.6	19119	1
27174273	大乔小乔	6.5	107	0
3246230	鲤·嫉妒	7.6	8086	1
1074841	葵花走失在1890	7.5	13580	1
27107374	鲤·猫知道一切	7.3	235	0
1006004	樱桃之远	7.5	25421	1
26220763	鲤·不上班的理想生活	7	892	0
3729756	鲤·最好的时光	7.7	6165	1
1050634	葵花走失在1890 &amp; 黑猫不睡	7.7	2378	1
3091349	鲤·孤独	7.3	9092	0
3992737	鲤·因爱之名	7.7	4213	1
4161848	鲤·逃避	7.8	4662	1
5912889	鲤·来不及	7.6	2754	1
10451782	鲤·写信	7.5	1996	0
2146042	霓路	7.6	1626	1
2146035	昼若夜房间	7.6	2235	1
6813255	吉诺的跳马	6.8	40	1
19944113	竖琴，白骨精	6.8	139	1
25985021	人类简史	9.1	71559	0
1041482	万历十五年	8.9	87435	0
30284738	罗马元老院与人民	9.4	280	0
1003479	中国历代政治得失	9.1	28376	0
5366248	你一定爱读的极简欧洲史	8.2	34195	0
27180479	奥古斯都	9.2	1256	1
1813841	枪炮、病菌与钢铁	8.8	19136	0
26943161	未来简史	8.4	24785	0
30259720	今日简史	8.2	5342	0
30414743	显微镜下的大明	8.6	1182	0
30262204	20世纪简史	8.1	450	0
27619602	娜塔莎之舞	9.3	546	0
30221537	奥斯曼帝国六百年	8.9	282	0
1506961	西行漫记	8.4	2380	0
27038809	世界是红的：看懂中国经济格局的一本书	7.1	1217	0
27026379	黎明破晓的世界	8	747	0
26349445	秦谜	8.1	1392	0
27046300	命运攸关的抉择	9	346	0
4242172	天才在左 疯子在右	8.2	135199	0
1012611	乌合之众	8.2	54857	0
1775691	少有人走的路	8.4	65545	0
3533221	非暴力沟通	8.5	15146	0
1476651	社会心理学	9	12397	0
30199434	原生家庭	8.4	1482	0
5952488	亲密关系（第5版）	9	5921	0
10786473	自控力	8.3	29331	0
1786387	影响力	8.6	29659	0
26796536	身体从未忘记	9.1	789	0
1032501	心理学与生活	8.8	13631	0
30353486	认知天性	8.1	751	0
1056295	人性的弱点全集	8.3	26817	0
2328178	态度改变与社会影响	9	816	0
26382433	无声告白	8.2	72348	1
3026879	爱的艺术	8.8	19865	0
26369699	被讨厌的勇气	8.5	5994	0
26585065	亲密关系（第 6 版）	9.5	1042	0
27663541	我要快乐，不必正常	8.6	1744	0
2328458	社会性动物	9.1	5859	0
27050457	幸福课	8.8	1567	0
27071400	那么骄傲，那么孤独	8.4	215	0
27044692	《被伤害的勇气 ：不必让每个人都喜欢你》	8	84	0
27068946	心有所定，不畏浮世	6.9	166	0
27067336	连接感	8	61	0
1045818	苏菲的世界	8.5	77551	1
4908885	局外人	9	57810	1
30379527	世界观（原书第2版）	9	346	0
26390842	哲学家们都干了些什么	8.6	7442	0
3261600	人生的智慧	9.3	8970	0
27170538	存在主义咖啡馆	8.7	2830	0
1004821	理想国	8.7	16847	0
30340107	直觉泵和其他思考工具	8.2	245	0
6811366	禅与摩托车维修艺术	8.3	10215	1
27032518	美丽灵魂	8.7	195	0
26974839	爱这个世界	9	105	0
27045213	人，诗意地栖居	7.4	106	0
27070173	禅说庄子：齐物论	9.2	105	0
27118740	哲学早餐俱乐部	8.7	26	0
27030788	从柏拉图到维尼熊	6.6	145	0
6798611	史蒂夫·乔布斯传	8.7	33373	0
20424526	邓小平时代	9	16815	0
30175475	Educated	9.2	519	0
30389372	成为	8.6	252	0
30331839	T.S.艾略特传	9.7	60	0
30377678	曾国藩传	8.4	562	0
1792668	苏东坡传	8.4	13758	0
30236304	列奥纳多·达·芬奇传	8.7	369	0
5346110	穷查理宝典	9	7313	0
1037602	别闹了，费曼先生	8.9	7052	0
26929955	腾讯传	7.8	10380	0
30247860	整个巴黎属于我	9.1	117	0
30258976	异见时刻	8.5	423	0
27598715	汉密尔顿传	9.3	154	0
27045564	吴清源回忆录	8.6	559	0
27062805	3G资本帝国	7.3	611	0
27091506	真实科比	8.1	114	0
27061837	阿米尔·汗：我行我素	6.3	277	0
4745319	蔡国强：我是这样想的	7.8	611	0
27662713	舆论	9.3	492	0
1022238	菊与刀	8.2	38146	0
1795079	乡土中国	9.2	16029	0
1062193	娱乐至死	8.6	22366	0
27156017	扫地出门	8.5	863	0
30380222	欲望与尊严	7.7	101	0
26576861	最好的告别	9	15485	0
26901114	中国国家治理的制度逻辑	9.2	1532	0
10471333	叫魂	9	11429	0
27058538	群居的艺术	8.4	402	0
27075932	女帝师（全五册）	8	75	1
27046024	杂食者的两难	8.4	351	0
27073145	女性的权利	7.6	233	0
30183051	鱼翅与花椒	8.3	7440	0
1027191	历史深处的忧虑	9	30739	0
3162991	艺术的故事	9.6	9436	0
2143732	灿烂千阳	8.8	66381	1
30356081	奈飞文化手册	8.1	972	0
30365536	清单	8	237	0
27608078	图说敦煌二五四窟	9.3	416	0
20440644	文学回忆录（全2册）	9.2	23596	0
27055278	Lens 視覺 012：我们是不是非要那么急迫不可	8.4	326	0
27074852	书架	7.4	387	0
27060680	丹麦人为什么幸福	7.3	901	0
27045282	决斗写真论	8.6	396	0
30301599	电影的秘密	9	256	0
30219710	日本设计六十年	8.6	177	0
26854318	现代艺术150年	9	3296	0
3410718	美的历程	9.2	9538	0
1858513	月亮和六便士	9	94533	1
27156515	美术馆里聊怪咖	8.1	1429	0
1941558	设计中的设计	8.6	24802	0
27176353	理解一张照片	8.5	374	0
2326403	认识电影	8.9	10681	0
30170099	如何看懂艺术	8.4	570	0
26417490	写给大家的西方美术史	8.1	5370	0
30241191	儿童艺术大书：黄色版	9.6	144	0
27047564	艺术博物馆	9.3	125	0
1040466	谈美	8.9	4783	0
30237193	一生的凝视	8.8	92	0
26435510	雕刻时光	9.5	1738	0
27039519	脸的历史	8.6	168	0
27004871	疯狂艺术史：从达芬奇到伦勃朗	7.8	630	0
27013688	导演的诞生	8.2	149	0
3547099	贾想1996—2008	8.6	6973	0
26953606	人类简史	9.1	9640	0
10564071	白鹿原	9.1	19663	1
27077677	东北往事--黑道风云20年全集	8.7	693	1
27042393	火车上的中国人	8.6	513	0
3323633	写给大家看的设计书（第3版）	8.6	10638	0
4230237	设计中的设计 | 全本	9.1	6861	0
30362300	设计的意义	9	58	0
27182602	安藤忠雄	8.8	638	0
26775466	小家，越住越大	8.6	5557	0
30383598	住宅读本	8.8	63	0
26664522	写给大家看的设计书（第4版）	8.8	470	0
26742341	设计心理学	8.9	211	0
5323008	超越平凡的平面设计	8.7	1472	0
26896124	设计入门教室：设计的基本规则	9.1	202	0
5394309	简约至上	8.4	5099	0
30199037	小家，越住越大2	8.7	1323	0
26806997	平面设计中的网格系统	8.4	611	0
30414436	视觉游戏	8.5	33	0
1288844	设计心理学	8.2	3592	0
26102860	设计心理学1	8.5	802	0
27055156	集创思维设计矩阵	8.1	63	0
25811516	日本的八个审美意识	8.4	1264	0
27079098	索尼设计，塑造现代	8.4	134	0
27073634	巴慕达	7.8	60	0
2035179	动物农场	9.2	48249	1
3813669	民主的细节	8.6	60141	0
3808982	动物庄园	9.3	19541	1
4202004	文明的冲突与世界秩序的重建	8.7	3668	0
1139360	毛泽东选集 第一卷	9.1	4287	0
26897747	黑旗	8.4	3686	0
1060774	君主论	8.7	11152	0
1082387	一九八四·动物农场	9.3	28142	1
19920715	论中国	8.6	7527	0
1032063	旧制度与大革命	8.9	6728	0
25881102	独裁者手册	8.8	3646	0
27001225	暮日耀光	9.2	161	0
3782155	印度对华战争	8.6	288	0
30368506	东南园墅	8.6	97	0
26848051	造房子	8.4	3041	0
4082434	穿墙透壁	9.3	1330	0
1870268	美国大城市的死与生（纪念版）	8.6	4285	0
30316947	图说西方建筑简史	7.8	37	0
1009270	中国建筑史	8.8	2554	0
26921196	北京的城墙与城门	8.9	445	0
1124895	中国古代建筑史	9.1	987	0
2247913	建构文化研究	9.2	1110	0
1070711	城记	8.8	6877	0
5408858	建筑家安藤忠雄	8.9	2845	0
1863930	看不见的城市	8.8	29213	1
1319910	华夏意匠	9.2	2074	0
27069101	认识建筑：丰子恺建筑六讲	8.9	331	0
1637486	建筑师的20岁	8.1	3850	0
27008211	世间唯建筑与旅行不可辜负	6.1	78	0
27055732	藏在木头里的灵魂	6.4	596	0
27069751	建筑，从那一天开始	8.4	259	0
3389460	空间的诗学	8.9	715	0
6530838	装饰之道	8	96	0
30299178	卢丹的恶魔	8.7	172	0
25886351	耶路撒冷三千年	7.5	5678	0
3406401	悉达多	9	16580	1
1228110	天使与魔鬼	8.1	29351	1
30226265	教宗与墨索里尼	9	204	0
2101774	金枝	9	1420	0
5990251	西藏生死书	8.5	10903	0
3649782	达·芬奇密码	8.6	16150	1
3836566	玫瑰的名字	8.6	7010	1
1803022	聖經	9	14121	0
30142312	本源	7	2639	1
1856494	卡拉马佐夫兄弟	9.4	9653	1
1433411	新教伦理与资本主义精神	8.8	4089	0
25928708	佛祖都说了些什么?	8.6	2573	0
30152566	萨满教	8.3	55	0
26700104	穿越百年中东	8.5	1345	0
4882159	橘子不是唯一的水果	7.6	11003	1
27070208	还乡	9.9	29	0
1213678	敦煌古灵宝经与晋唐道教	9.2	25	0
1547449	中国伊斯兰教派与门宦制度史略	8.6	77	0
3005138	禅说庄子（一）	8.7	44	0
26820602	一个历史学家的宗教观	9.1	28	0
25976544	故事	9.2	5725	1
27624439	如何写影评（插图修订第8版）	7.9	248	0
30240074	我每天只工作3小时	7.3	682	0
27600198	贾想II	8.3	1884	0
26848740	认识电影：全彩插图第12版	9.2	1877	0
27062726	贾想 I	8.9	2483	0
27091427	樱桃的滋味	9.3	625	0
27082415	恋恋风尘	8.3	364	0
10607793	刀与星辰	8.6	3138	0
27156843	希望为电影	8.2	326	0
30297417	陆上行舟	9.3	24	0
3806309	如何写影评	7.6	1977	0
26717137	故事	9.3	1166	0
27026458	剧本	8.4	534	0
27028222	血战钢锯岭	7.7	139	1
27078961	迪士尼大电影双语阅读.加勒比海盗5：死无对证	8.6	47	1
1277981	社会契约论	8.8	10121	0
1041385	论美国的民主	9.2	5491	0
26665157	当代中国政府与政治	8.7	199	0
3057556	狂热分子	9	7581	0
26658395	政治学通识	9.1	509	0
3163104	变化社会中的政治秩序	9.3	1525	0
22806583	国家的常识	8.7	1436	0
27661640	现代政治的思想与行动	9.1	80	0
3101021	极权主义的起源	8.7	2666	0
30177153	英国进步主义思想	9.6	56	0
24534471	维稳的政治逻辑	8.8	68	0
26712445	西方政治传统	8.8	165	0
27064858	我们的孩子	8.5	575	0
1061155	中国官僚政治研究	8.3	739	0
30281339	万物皆数	8.6	151	0
1320282	什么是数学	9.1	3283	0
26163454	数学之美 （第二版）	8.9	2625	0
1102715	从一到无穷大	9.1	7151	0
10750155	数学之美	8.7	9221	0
1291204	哥德尔、艾舍尔、巴赫	9.4	5237	0
2124114	怎样解题	8.8	1593	0
10455982	什么是数学	9.2	779	0
1425950	线性代数及其应用	9.1	693	0
25829287	数学	9	718	0
1322358	费马大定理	9	2181	0
3249247	高观点下的初等数学	9.2	525	0
26899701	普林斯顿微积分读本（修订版）	9.7	194	0
27192185	陶哲轩教你学数学	8.9	54	0
1680634	数学 七年级 上册	8.6	69	0
2201479	概率论与数理统计	9.4	631	0
6784981	几何原本	9.6	137	0
10590856	统计学习方法	9	1621	0
1277169	古今数学思想（一）	9	870	0
1049136	数学：确定性的丧失	8.7	1734	0
27024419	脑洞大开的微积分	7.1	122	0
27075745	数学颂	7.6	50	0
1707158	微积分学教程（第一卷）	9.4	661	0
27083477	高数笔谈	8.5	18	0
3235486	陶哲轩实分析	9.5	470	0
1675478	天朝的崩溃	9.1	7833	0
1015699	中国大历史	8.3	21081	0
3079029	大秦帝国	8.7	10499	1
1046492	國史大綱（上下）	9.3	10429	0
1077847	史记（全十册）	9.5	13734	0
3707886	中国通史	8.9	2386	0
1949338	明朝那些事儿（贰）	8.9	47257	1
2376486	中国近代史	8.9	6052	0
1025723	潜规则	8.3	13493	0
7000811	国史大纲（上下新校本）	9.6	268	0
20440053	南京大屠杀	9.4	2169	0
1012561	上下五千年	8.6	6786	0
27056478	中国往事	7.4	41	0
24859453	这个历史挺靠谱	7.4	1222	0
25867690	易中天中华史：秦并天下	7.7	1197	0
19958089	我们仨	9	33764	0
4842446	巨流河	8.7	20138	0
27191009	往事与随想	9.3	273	0
1191433	我的前半生	7.6	4211	0
26657570	活着为了讲述	9	5368	0
23008971	平如美棠	9	12817	0
30223629	椰壳碗外的人生	8.8	588	0
1859140	上学记	8.9	10825	0
30348379	余英時回憶錄	8.5	182	0
20441569	被淹没和被拯救的	9.2	2373	0
25944034	菊次郎与佐纪	8.7	4851	0
3888123	写作这回事	8.6	4354	0
1062423	牛棚杂忆	8.4	4641	0
26986509	银茶匙	8.3	219	1
27058829	有琴一张	8.3	86	0
27059494	医生的抉择	8.3	60	0
24358594	挽回非洲局势	8.9	23	0
1144865	见证	9.2	624	0
30376593	当下的启蒙	8.8	100	0
5375620	失控	8.7	13714	0
23774518	1984	9.3	3818	1
26945094	未来简史	8.8	2462	0
1012307	规训与惩罚	9.2	4192	0
1021273	中国哲学简史	8.9	11790	0
14439405	哲学的故事	8.9	1898	0
27070100	《当你开始爱自己，全世界都会来爱你》	8.9	212	0
26833527	麦肯锡精英的谈判策略	7.3	104	0
1849409	易经	9	1866	0
1964774	论语	9	8495	0
2029680	资治通鉴	9.5	1669	0
2083981	了凡四训	8.7	4166	0
1011215	论语别裁(上下)	8.8	4864	0
3007268	传习录	9.2	1734	0
26021455	中国古代文化常识（插图修订第4版）	9.4	525	0
4146127	春秋左传注（全四册）	9.6	757	0
2747765	中国古代文化常识	9	2664	0
27060314	像吃布丁一样品诗词	9.7	31	0
27026873	中国文化常识	6.2	87	0
27082291	论语正名	9	25	0
1315213	中国文化要义	9	2276	0
10608514	坛经校释	8.9	81	0
30187217	宋徽宗	8.3	721	0
1313181	富兰克林自传	8.4	3648	0
26759508	硅谷钢铁侠	8.1	5378	0
1037060	曾国藩（上中下）	8.6	5690	1
6152040	维特根斯坦传	9.1	4485	0
26847644	苏东坡传	8.2	2061	0
1076685	李鸿章传	8.9	4649	0
5922204	曾国藩的正面与侧面	8.3	3439	0
26700745	南渡北归	8.4	696	0
26664352	褚时健传	9	2110	0
1040397	假如给我三天光明	8	12628	0
25810506	史蒂夫·乔布斯传（修订版）	9.1	2041	0
5246800	毛泽东传	8.3	2235	0
10750460	司马懿吃三国	7.2	303	1
10606194	老谋子司马懿	8.6	327	0
1011323	曹操传	8.3	287	0
19985944	司马懿吃三国.3	7.6	98	1
3389984	俗世奇人	8.5	9522	1
26687647	至味在人间	7.9	4829	0
25845647	天空的另一半	8.8	4822	0
26708306	北欧，冰与火之地的寻真之旅	8.6	2853	0
27136549	思想史	8.7	338	0
30380412	尤利西斯	7.4	35	1
6712255	天真的人类学家	8.9	5260	0
3596352	中华文明读本	7.8	16	0
26975985	时间地图	8.2	272	0
27079097	纽约客漫画全集	8.4	110	0
27046026	如何读懂当代艺术	7.2	56	0
21267489	加德纳艺术通史	9.2	727	0
26423502	艺术的故事	9.7	415	0
27000443	世界美术名作二十讲	8.7	757	0
21363162	詹森艺术史（插图第7版）	9.4	535	0
1076426	世界美术名作二十讲	8.8	1522	0
27168569	历史及其图像	8.9	19	0
25774379	图说中国绘画史	8.6	1489	0
27129662	詹森艺术史（插图第7版）	9.2	102	0
26303508	现代主义	8.6	391	0
1958685	美的历史	8.3	2417	0
20411692	隐秘的知识	8.7	410	0
27055840	疯狂艺术史	8.1	489	0
26345618	看名画的眼睛.2	8.5	122	0
3334535	剑桥艺术史：绘画观赏	8.5	1659	0
4218687	天雨流芳	8.7	473	0
30203912	如何听爵士	8.8	260	0
30285035	蜜蜂与远雷	8	609	1
10590165	聆听音乐	9.5	1111	0
27018089	音乐即自由	8.5	1252	0
30200827	乐队女孩	8.4	230	0
3095037	听音乐（插图第6版）	9.1	1329	0
30294348	来自民间的叛逆	9.6	85	0
30270830	奇迹唱片行	7.3	816	1
26825412	认识乐理	8.8	129	0
26688765	论巴赫	9.3	243	0
26584734	乐之本事	8.2	1641	0
5395157	小夜曲	7.9	4402	1
30400444	想把我唱给你听	9.3	226	1
30247531	听音乐（全彩插图第11版）	8.7	43	0
25894807	西方文明中的音乐	9.5	174	0
3178741	来自民间的叛逆	9.3	1320	0
27175511	风·落·之·光	9.1	134	0
27029273	如果这可以是首歌	7.9	213	0
25811061	荣光之路	7.9	67	0
26692429	光辉岁月,不说再见	6.6	85	0
20387173	30天学会绘画	8.6	629	0
1154707	素描的诀窍	8.7	2366	0
5263615	五天学会绘画	8.1	1720	0
27204771	我的手绘不可能这么萌：萌系手帐插画教程	8.8	132	0
25811462	小顾聊绘画·壹	8.2	10168	0
26763747	永山裕子的水彩课Ⅰ: 重新开始学水彩	9.1	365	0
1441853	伯里曼人体结构绘画教学	8.9	4869	0
26265303	小顾聊绘画·贰	8	5737	0
26608163	萌翻你的手帐简笔画10000例	8.6	127	0
27145385	寂静的深度	8.3	621	0
20382249	美国绘画透视完全教程	9.3	142	0
26666533	梵高手稿	9.4	1986	0
5378929	培养孩子从画画开始	8.5	752	0
27041265	巴尔格素描教程	9.8	48	0
27140491	小顾聊绘画·文艺复兴	7.4	1595	0
27069094	认识绘画：丰子恺绘画十六讲	9	209	0
26917425	向大师学绘画	9.4	50	0
30180617	鬼刀	9.1	184	0
27067763	安野光雅的十二堂绘画课	8	176	0
26313206	看名画的眼睛.1	8.5	209	0
27052400	油画棒创想绘	8.4	30	0
6437861	2011 sketch collection	9.1	136	0
1013416	雷雨	8.6	31577	0
1036613	茶馆	8.9	8274	0
1073708	牡丹亭	9	6852	0
27012140	长夜漫漫路迢迢	8.6	657	0
26649304	一个无政府主义者的意外死亡	8.9	995	0
1089049	莎士比亚全集（全8册）	9.4	1807	0
1051714	等待戈多	8.3	5391	0
1373788	玩偶之家	8.3	1992	1
1212488	罗密欧与朱丽叶（名著名译插图本）	8.3	11579	0
1016631	西厢记	8.5	6172	0
1009043	日出	8.5	4062	0
2026658	哈姆雷特	8.6	3457	0
1012117	仲夏夜之梦	8.2	4259	0
3062632	日常生活中的自我呈现	8.6	2150	0
25773575	哈姆雷特	9.2	590	0
1034106	威尼斯商人	8.1	7815	0
27591504	候场	9.3	396	0
30376180	激昂的幻梦	8.5	45	0
1093743	博马舍戏剧二种	8.1	56	0
5366444	六个寻找剧作家的角色	8.7	870	0
6430347	亨利六世（下篇）	8.2	40	0
1011977	先锋戏剧档案	8.2	1806	0
6430346	亨利六世（中篇）	8	42	0
2359052	查拉图斯特拉如是说	8.9	5847	0
1216737	纯粹理性批判	9	3465	0
1004699	作为意志和表象的世界	8.9	5545	0
1008189	西方哲学史（上卷）	8.9	9905	0
1036541	疯癫与文明	8.7	5132	0
30331841	被诅咒的部分	9.3	33	0
2283920	西方哲学史	8.5	3254	0
1063852	悲剧的诞生	8.8	4524	0
26107897	存在与虚无	9.1	265	0
1292409	人生的智慧	9.2	3653	0
21570668	会饮篇	9.3	2376	0
1783111	存在与时间	8.7	3516	0
1005354	逻辑哲学论	9.2	2012	0
1071023	谈谈方法	8.7	3117	0
1787729	单向度的人	8.4	1956	0
27052079	人生道路诸阶段	9.3	53	0
2064918	西蒙娜·薇依早期作品选	8.2	119	0
4121039	九章集（上下）	8.2	57	0
4140491	自我的超越性	8.2	87	0
27046333	哲学家与动物	6.6	39	0
26997217	安提戈涅的诉求	7.3	84	0
26957760	世界的凛冬	8.9	14751	1
26861418	奥斯维辛	9.5	1464	0
30230911	亢奋战	8.2	205	0
26354440	野蛮大陆	9	1459	0
27085641	邻人	8.5	866	0
26834183	艾希曼在耶路撒冷	8.6	1206	0
26897187	活着回来的男人	8.4	1074	0
1042434	安妮日记	8.1	6063	0
30295373	缓刑时刻	9.3	43	1
27025715	永恒的边缘	7.8	6538	1
21329239	巴黎烧了吗?	8.8	2380	0
1125731	第三帝国的兴亡（上中下）	8.8	1882	0
2180619	偷书贼	8	25650	1
1000531	第二次世界大战回忆录（全六卷）	8.7	718	0
26431326	所有我们看不见的光	8.9	2294	1
3537590	朗读者	8.3	18463	1
26594136	二战史诗三部曲	9.2	66	0
4861524	血战太平洋之决战冲绳岛	8.2	221	0
4104794	有一类战犯叫参谋	8.2	1211	0
30337489	袍哥	7.7	494	0
3055477	西潮	8.4	1198	0
30283398	家族、土地与祖先	9.1	61	0
1476213	中國近代史（上冊）	9.4	4887	0
25935941	天朝的崩溃（修订版）	9.4	1821	0
26912450	西潮	8.9	236	0
30127132	宋案重审	9	222	0
1060025	中国近代史	8.8	5068	0
1957796	我的前半生	7.7	2119	0
30238504	发现东亚	8.1	455	0
10472702	重说中国近代史	8.2	6607	0
10436418	战争与革命中的西南联大	8.9	2390	0
4827310	“中间地带”的革命	8.8	1149	0
25938605	天国之秋	8.6	3123	0
27072525	晚清最后十八年4	8.6	135	0
27056335	文以载车	7.4	36	0
27091336	潮来潮去	8.6	157	0
5335990	李鸿章发迹史 （上）	7.2	127	1
20406630	法律、资源与时空建构	8.5	26	0
1088022	亮剑	8.9	14619	1
1009105	战争论	8.9	670	0
2148992	亮剑	9.2	2054	1
28135034	南北战争三百年	8.2	623	0
1207500	布局天下	8.8	657	0
26820347	红星照耀中国	8.8	1801	0
6879356	孙子兵法	9.5	665	0
26354200	华杉讲透孙子兵法	8.8	1463	0
6531656	麒麟之与子同袍	9.4	3725	1
3432401	苦难辉煌	7.9	1951	0
1949420	孙子兵法	9.4	5881	0
27625616	战争的面目	8.2	19	0
30376423	太平洋战争	8.9	47	0
30297216	克里米亚战争	9.1	100	0
2348135	拿破仑传	8.4	1033	0
3924388	解放战争（上）（1945年8月—1948年9月）	8.1	1021	0
3728560	孤独的幸存者	8.2	880	1
25810596	钢铁、鲜血、神话	8.4	25	0
20399472	经略幽燕	8.8	204	0
1896863	愤怒的子弹	7.5	182	1
26980487	悉达多	9.3	2376	1
1963912	正见	8.8	13735	0
2076623	金刚经	9.5	3809	0
1409704	金刚经说什么	8.9	6781	0
25978763	僧侣与哲学家	8.7	1559	0
26827590	八万四千问	8.7	1844	0
30317786	佛陀相佑	8.5	30	0
25902141	正见	8.9	210	0
26292550	悉达多	9	1313	1
30240081	印度佛教史	9.2	78	0
30415567	佛界百佛	9.1	20	0
2280575	大唐西域记	8.7	362	0
25819842	佛陀传	9	717	0
3306209	雪域求法记	8.5	1348	0
1840859	心经	9.6	1470	0
4843453	金光明经	8.4	94	0
3059567	肇論校釋	9.1	79	0
10539120	寂静之道	8.5	462	0
30312155	尼安德特人	8.4	87	0
30279065	考古的故事	8.9	126	0
30275807	发现燕然山铭	8.9	171	0
30365847	博物馆里的极简中国史	7.7	276	0
30121259	第五次开始	7.9	305	0
25961497	中国古代物质文化	8.9	963	0
26782702	何以中国	8.3	368	0
20516441	美术、神话与祭祀	9	553	0
26785472	汉帝国的遗产	8	181	0
20515277	逝者的面具	8.7	235	0
1023188	风雪定陵	8.2	483	0
10491608	神祇、陵墓与学者	8.6	872	0
25850080	何以中国	8	636	0
26848651	从历史中醒来	9	243	0
1585474	花舞大唐春	9.7	270	0
10511518	华夏生死书	8.2	43	0
27054857	庞贝三日	8.2	96	0
2980452	上帝的指纹（上下）	7.7	1048	0
1743389	阅读过去	7.8	47	0
1028925	中国文明起源新探	8.4	245	0
1077528	通往奴役之路	8.8	10222	0
6397522	论自由	9.4	2010	0
1070007	致命的自负	8.8	2462	0
1400195	论自由	8.7	3657	0
6558202	容忍与自由	9	2291	0
3003032	浪漫主义的根源	9.3	1949	0
1015748	开放社会及其敌人（全二卷）	8.8	2160	0
1048930	联邦党人文集	9	2257	0
3097539	自由选择	8.9	1390	0
6068432	自由及其背叛	9.1	418	0
2155342	货币的非国家化	8.9	543	0
3074246	无政府、国家和乌托邦	9.1	331	0
1454687	政府论（下篇）	9	2369	0
27010229	通向奴役之路	9	35	0
1005813	自由秩序原理	9.1	955	0
1027030	常识	8.5	1994	0
26545443	自由的基因	8.1	385	0
1028268	正义论	8.9	2098	0
25839996	自由的未来	9.2	77	0
1000759	古代人的自由与现代人的自由	8.3	219	0
10574619	为何知识分子不热衷自由主义	7.2	105	0
1815627	书斋里的革命	8.6	804	0
26354318	梵高传	9.2	1001	0
26647742	陌生的经验	8.7	1321	0
25872094	如何看一幅画	7.4	1541	0
1055088	像艺术家一样思考	8.3	1869	0
27077797	原来你是这样的艺术家	7.5	50	0
26745781	佛罗伦萨皮蒂宫	8	62	0
27012039	逆光而行	8.4	390	1
25975450	积极恋爱心理学	8.5	178	0
26879778	杀死一只知更鸟	9.2	8855	1
10763902	偷影子的人	7.8	66617	1
24934182	一个人的朝圣	8.1	45043	1
25984204	乖，摸摸头	7.4	41007	0
1056461	旅行的艺术	8.3	16690	0
5414391	寻路中国	9	34218	0
27074861	东京一年	7	11675	0
7060185	江城	9	27781	0
26575812	阿弥陀佛么么哒	7.1	19954	0
26844348	好吗好的	6.6	9022	0
27115882	我不	6.7	5327	0
1917972	在路上	7.8	41040	1
1001885	带一本书去巴黎	8.5	19629	0
30335334	不租房的606天	7.8	215	0
5366382	夜航西飞	8.8	5833	1
27037182	纽约无人是客	8.7	616	0
27078311	夏日会在晚餐后	6.6	196	0
27039328	有种生活风格，叫小镇	8.6	38	0
27085984	远方不远	8.7	63	0
27608239	原则	8.4	9999	0
26340138	岛上书店	7.6	96327	1
30254298	云边有个小卖部	8	8185	1
30300327	料理图鉴	9	227	0
30348422	生活图鉴	8.4	171	0
10747883	怦然心动的人生整理魔法	8	11989	0
24749465	断舍离	7.5	19995	0
27082169	大冰作品集：好吗好的+乖,摸摸头+阿弥陀佛么么哒	6.3	1005	0
27078610	新制造时代	7	136	0
2340100	遇见未知的自己	8	61696	0
27114418	活下去的理由	8.1	2339	0
3389960	自卑与超越	7.7	4942	0
27044783	哈佛商学院谈判课	7.4	313	0
27072554	理性的抉择	8.2	142	0
4722181	小心，无良是一种病	7.6	566	0
1033778	富爸爸，穷爸爸	8.2	33639	0
26210487	强风吹拂	9	5511	1
3523041	平凡的世界（全三册）	9.1	28971	1
5330333	活出生命的意义	8.6	5926	0
3609132	把时间当作朋友	8.5	29688	0
26609645	而立·24	8.1	4240	0
27077108	你不用假装过得很好	8.2	72	0
27046065	你不扑上去，世界怎会委身于你	7.5	876	0
27039932	你要世俗地活着，才有不俗的未来	7.6	182	0
27042365	把力气花在你想要的生活上	5.8	683	0
26986954	新名字的故事	9	18444	1
27204805	那不勒斯故事四部曲	9.2	2748	1
27104959	离开的，留下的	8.7	11955	1
30258589	成为母亲	7.6	184	0
30128172	单身女性的时代	7.9	1188	0
1082349	长恨歌	8.2	34819	1
10560798	面纱	8.7	21725	1
27042344	醒来的女性	8.8	2252	1
27054735	另一座城	7.3	86	1
4282084	论摄影	8.8	3970	0
3990022	美国纽约摄影学院摄影教材（上册）	9.2	2876	0
1007928	美国纽约摄影学院摄影教材（上）	9.1	9591	0
1779243	摄影构图学	9	1394	0
27054715	荒野之歌	9.5	958	0
10511063	摄影的艺术	8.6	663	0
30357812	风和日丽(清新人像写真术)	8.4	105	0
27608151	摄影小史	8.6	251	0
4062254	摄影构图与色彩设计	8.7	312	0
27024906	我与这个世界的距离	9.1	328	0
3990023	美国纽约摄影学院摄影教材（下册）	9	1253	0
4048631	摄影师的视界	8.5	650	0
27043843	拍出绝世光线：摄影师的完美用光技巧解密	9.7	46	0
30314590	十九岁的时差	9	1908	0
1017818	观看之道	8.3	3417	0
10738211	直到长出青苔	8.2	2335	0
26334907	拍出绝世美姿	8.9	162	0
1039460	美国纽约摄影学院摄影教材（下）	9	3467	0
27045208	晚清中国的光与影	6.7	79	0
26937873	与一万个城市擦身而过	7.7	50	0
30346218	态度	8.1	1327	0
1013208	如何阅读一本书	8.4	43189	0
26747208	优秀的绵羊	8	2486	0
4864832	为什么学生不喜欢上学?	9.3	1216	0
1047719	傅雷家书	8.5	7503	0
3420606	正面管教	8.7	2022	0
30357968	郑渊洁家庭教育课	8.7	103	0
26612510	教养的迷思	8.2	488	0
21617765	亲爱的安德烈	8.8	4046	0
26584286	大学之路（套装）	8.8	1443	0
27086070	其乐无穷的战斗	9.3	36	0
25773343	伯克毕生发展心理学：从0岁到青少年（第4版）	8.9	197	0
5982427	如何才能让男孩有条理	8.9	22	0
26344870	刘墉给孩子的成长书	7.4	30	0
27082517	我们为什么被霸凌？	7.8	376	0
1077778	爱的教育	8.1	9112	1
30256364	精准表达	8.1	300	0
24753751	向前一步	8.1	11931	0
27609489	远见	7.9	781	0
30156483	三万英尺	8.3	1162	1
30144978	见识	8.1	2230	0
2256039	杜拉拉升职记	7.8	91102	1
3432304	大江东去（共三部）	8.9	4685	1
27132072	OKR工作法	7.6	1101	0
1039311	职场动物进化手册	8.4	1844	0
27056409	深度工作	7.8	4597	0
5325618	高效能人士的七个习惯	8.4	6911	0
10586741	关键对话	8.3	2764	0
30351566	别做那只迷途的候鸟	8.1	775	0
25852981	小强升职记	8.7	1710	0
26641761	横向领导力	8	850	0
30381676	极简关系	5.6	114	0
30365747	解决问题的三大思考工具	8.9	72	0
20384337	Lean In	8.4	3769	0
27078435	跃迁	7.9	3078	0
26879358	未来的工作	7.5	100	0
27081224	学会提问	7.8	364	0
4849493	在寂与寞的川流上	7.6	2533	1
30242807	肉食者不鄙	9.1	195	0
30373807	有滋有味：我的厨艺人生	8.7	122	0
30278270	日食记	7.7	822	0
30288066	宋宴	8.8	128	0
1227844	雅舍谈吃	8.8	5805	0
1006884	随园食单	8.6	2420	0
27029478	厨艺的常识	8.4	343	0
1924318	汪曾祺谈吃	8.9	2792	0
26899220	生活，是很好玩的	8.8	2545	0
30284728	半生不熟	7.9	76	0
4246151	厨房里的人类学家	8	5518	0
1288925	五味	8.8	2953	0
26969626	鸭川食堂	7.9	884	1
26733854	明天也是小春日和	8.7	2904	0
30325932	舌尖上的法国：冬藏春耕	7.9	61	0
27076780	福桃02：食物最好吃的时刻	7.7	131	0
27072967	食帖18：真的，烤箱什么都能做	8.1	159	0
30396656	万人如海一身藏	8.5	342	0
25920202	泛若不系之舟	8.6	5620	0
6126821	远方的鼓声	8.4	3222	0
1054889	行者无疆	7.7	24099	0
1020241	千年一叹	7.6	21445	0
27121479	中国游记	7.9	255	0
1393447	忧郁的热带	9.1	2450	0
4618225	不去会死！	8.2	21162	0
1962923	西班牙旅行笔记	8.6	10341	0
26708780	非洲三万里	7.5	2094	0
25753361	最好金龟换酒	8.7	6391	0
27065663	回来	7.3	346	0
27002669	我的自由源泉	8.3	47	0
27018143	不顾一切去旅行	7.2	37	0
11520544	宅不宅之暴走香港	7.7	155	0
2277299	当下的力量	8.4	5416	0
3266968	秘密	7.2	30381	0
6526752	生命之书	8.8	3093	0
24758481	当下的力量（珍藏版）	8.7	1644	0
3834938	与神对话（第一卷）	8.3	6443	0
2527362	The Law of One	9.1	98	0
3158482	新世界	8.9	4889	0
6946710	前世今生	7.7	2291	0
26392337	与神对话	8.1	814	0
3413836	当下的力量	8.4	6195	0
10546850	内在的天空	8.9	2118	0
11528305	朝圣	8.2	1559	1
25858068	100个基本	7.5	5333	0
24863163	恩宠与勇气：超越死亡	9.1	908	0
2347737	深夜加油站遇见苏格拉底	8	1810	0
25867744	简单冥想术：激活你的潜在创造力	8.1	261	0
3813384	你值得過更好的生活	8.4	300	0
27083608	不是与属血气的争战	7.8	10	0
4151190	完美的爱，不完美的关系	8.1	623	0
11601992	世界之战	7.8	98	0
4317969	克里希那穆提精选集	8.3	70	0
27023900	睡眠革命	7.5	2214	0
26706730	肠子的小心思	9	2710	0
20507206	众病之王	9.1	5467	0
20431965	只有医生知道!	8.5	10814	0
25717097	囚徒健身	8.7	4733	0
27074110	30歲起這樣吃，代謝好就不難瘦	8.1	137	0
26592648	癌症·真相	8.9	2181	0
26377453	谷物大脑	7.2	1271	0
6729589	救命饮食	8.2	395	0
3318174	这书能让你戒烟	8.2	3319	0
7067916	施瓦辛格健身全书	9.3	1645	0
26876440	吃货的生物学修养	8.6	1082	0
30219713	病者生存	9	172	0
27667267	明年更年轻	7.5	354	0
25882638	轻断食	6.9	3695	0
27590675	你是你吃出来的	9.2	305	0
26312476	你的身体，是一切美好的开始	7.5	1260	0
26795949	中国居民膳食指南（2016）	8.5	286	0
27131873	每个人的战争	8.5	362	0
25755874	运动改造大脑	7.5	674	0
27052052	人体的故事	7.9	457	0
27041515	本能减脂	8	247	0
27046025	吃的法则	6.4	189	0
10532877	九种体质使用手册	5.9	33	0
4774243	瘦子房间的秘密	7.1	299	0
27075998	轻断食：戒糖篇	6.4	193	0
27029890	外婆的道歉信	8	12307	1
6507262	如何让你爱的人爱上你	7.4	1798	0
30235060	情感勒索	8.3	305	0
25891771	失乐园	7.7	14864	1
1223845	男人来自火星 女人来自金星	7.6	12126	0
26642866	萤火虫小巷	8.2	6031	1
30375932	婚姻心理学：你是会经营婚姻的女人吗？	8.9	40	0
1444900	爱的五种语言	8.6	3189	0
5372542	情感勒索	8.1	408	0
1437973	亲密关系	8.7	3416	0
28171580	人间便利店	7.8	4353	1
26747695	所有失去的都会以另一种方式归来	5.2	1105	0
21764541	爱的五种能力	8.6	562	0
30330368	高情商不尬聊	7.7	101	0
5391766	忽然七日	7.4	6869	1
27086021	惊蛰	9.4	28	0
26275861	沟通的艺术（插图修订第14版）	8.5	4220	0
30405018	掌控关系	8.3	249	0
25985683	人性的弱点	7.8	2162	0
1183730	谈话的力量	8.5	2367	0
26363229	亲密关系：通往灵魂的桥梁	7.8	2010	0
26663916	沟通圣经	8.2	1151	0
5913475	高难度谈话	8.3	2726	0
30427922	掌控关系	8.5	76	0
1791976	礼仪金说	7.8	307	0
5287474	影响力	8.7	6905	0
26331553	非暴力沟通	8.5	559	0
5321463	沟通的艺术	8.2	1812	0
27064852	别让成功毁在无效社交上	8.6	37	0
27041168	关系力	7.1	58	0
27072584	中国式的情与爱	7.8	277	0
3267583	我和你	7.9	96	0
6526282	冷读术	6	150	0
27085992	高难度谈话Ⅱ	8.9	35	0
1035517	男人这东西	7.6	9621	0
27194307	失乐园	7.6	640	1
25833051	幸福的婚姻	8.4	632	0
5356342	男人来自火星，女人来自金星	7.6	2995	0
5976521	女醫師教你真正愉悅的性愛	8.1	442	0
26846721	如何在爱中修行	8.1	502	0
4262114	女人这东西	6.7	2850	0
26146992	我们为什么会分手？	7.4	5901	0
5356341	男人来自火星，女人来自金星2	8	970	0
27041530	魔鬼聊天术	8.2	395	0
26183848	完美关系的秘密	7.2	2638	0
3022364	印度愛經	8.1	102	0
4152112	坏女人有人爱	8.2	613	0
3051711	男人都该知道的女人秘密	8.3	33	0
30288748	可爱的手账	7.7	128	0
20271923	彼得·科恩木工基础	8.4	601	0
25870117	木工全书	8.9	171	0
26303026	手工皮艺基础	8.1	53	0
26354425	立体书制作指南	8.9	31	0
1082359	实用手工图鉴	8.7	64	0
4284900	手作族一定要会的缝纫基本功	8.2	262	0
5391225	玩转手工100招	8.6	107	0
3566473	《木工DIY傢具》	7.6	33	0
3271659	神谷哲史作品集	9.8	126	0
4008187	自己裝訂手工書	8.3	108	0
23042516	橡皮章中毒	8.4	344	0
10519083	自己做100%保养级手工皂	8.7	71	0
5323631	Cotton Time精选集：78款居家实用布杂货	8.8	337	0
26729490	美轮美奂：手鞠球制作经典教程	8.2	19	0
10435675	最详尽的钩针编织教科书	9.5	112	0
25896081	陶艺制作圣经	7.6	43	0
7064924	青木和子的唯美刺绣	9	312	0
1002297	生活美劳DIY 7	9.3	38	0
1254942	黄帝内经	9.3	1363	0
3374562	营养圣经	8.3	508	0
2000641	求医不如求己	8.2	4471	0
2310529	遵生八笺	8.8	286	0
1440885	人体使用手册	7.9	5243	0
30351542	斯坦福高效睡眠法	6.5	126	0
26815038	说医不二	7.2	559	0
24294495	脾虚的女人老得快	7.6	372	0
25917319	徐文兵、梁冬对话·黄帝内经·金匮真言	8.9	238	0
6828163	4点起床	6.4	2173	0
5411583	中国居民膳食指南	8.5	373	0
24879935	黄帝内经 上古天真	8.7	420	0
25916656	伤精与养精康复之道	8.5	102	0
1875737	本草纲目	9	175	0
24696686	范志红	8.2	554	0
4834140	九种体质使用手册	7.2	74	0
4665276	李少波真气运行法	7.8	66	0
2275168	爱德加·凯西自然疗法健康手册	8.8	23	0
5067922	回家吃饭的智慧	8.2	369	0
25858712	这样装修不后悔（插图修订版）	8.4	1164	0
25732461	住宅设计解剖书	7.8	1467	0
4746128	家	7.6	3554	0
1799984	家庭收纳1000例	8.6	1811	0
27039453	何为美好生活：Beams at Home	8.2	291	0
30286490	家的风格	7.6	21	0
27168945	好好住家居指南：从零开始的装修攻略	7.4	323	0
3215829	住宅读本	8.3	587	0
26627809	收纳全书	7.2	292	0
26938439	收纳的艺术	7.4	253	0
4746130	家	7.8	2620	0
26890247	BEAMS AT HOME 2	8.1	413	0
26578184	家的模样	7.6	630	0
1814344	室内设计师专用配色色谱	8.3	90	0
25732459	装修设计解剖书	7.1	733	0
26478367	家事的抚慰（上册）	8.1	116	0
27039998	这样装修省大钱（插图修订版）	8.1	130	0
10574274	小家很有愛	7.6	16	0
26989445	良物的态度	6.7	311	0
19965492	日本小住宅空間極致運用術	7.9	33	0
1045651	创意篇-生活美劳DIY(9)	8	15	0
30352014	只有寻找和遇见	8.7	26	0
30303993	北欧，凛冽的世界尽头	8.2	90	0
25985823	中国自助游	7.7	41	0
10801511	穿火车	7.4	18	0
10566257	出国自助游教室	8	1203	0
1885160	Once While Travelling	8.7	23	0
20273449	走遍全球	8.9	135	0
2381480	中国古镇游	7.7	249	0
27138828	伊斯坦布尔的一年	6.9	292	0
1765965	徒步·加德满都到拉萨	7	49	0
4709261	老挝、泰国自驾游	8.7	27	0
30200145	东京文艺地图	8	115	0
26266258	雪山乌托邦	8.8	58	0
26628596	Lonely Planet“IN”系列：成都	7.1	40	0
26641785	路上有微光	7.3	174	0
6977224	从法棍到米粉的越南行	7.4	149	0
2122173	意大利	8.7	274	0
1734107	越南自助游	7.3	99	0
1431137	六感漂泊：尼泊尔零钱惊艳之旅	6.8	245	0
1223779	德意志印象	7.8	104	0
25897415	东京购物终极指南	8.5	16	0
6011165	开始在香港自助旅行	8.1	27	0
1187494	我把欧洲塞进背包	7.3	374	0
30242320	薛兆丰经济学讲义	8.5	1784	0
30280804	薛兆丰经济学讲义	8.8	1379	0
1028842	经济学原理（上下）	9.1	12233	0
1261560	国富论	9	7281	0
26582558	经济学通识	8.3	2791	0
3719533	经济学原理	9.4	7937	0
1970428	激荡三十年（上）	8.8	23904	0
27599114	涛动周期论	8.6	461	0
26435630	经济学原理(第7版):微观经济学分册+宏观经济学分册(套装共2册)	9.6	1347	0
30418697	变量	7	1670	0
30274068	经济学的思维方式	8.2	217	0
10785583	思考，快与慢	8.2	9023	0
5243775	聪明的投资者	9	3698	0
26824237	大国大城	8.8	3313	0
26897464	小岛经济学	8.1	2387	0
27007549	中央帝国的财政密码	8.5	2844	0
30276702	中央帝国的哲学密码	8.1	536	0
30355879	大局观	8.2	62	0
3000997	牛奶可乐经济学	7.6	15916	0
26996408	选择的价值	6.9	54	0
10544307	自私的皮球	8.5	959	0
26795403	世界是部金融史	7.4	206	0
26981887	资本主义简史	8.4	184	0
1322025	卓有成效的管理者	8.7	10518	0
30147418	经营者养成笔记	8.4	293	0
1048007	高效能人士的七个习惯（精华版）	8.2	22183	0
30396635	这就是OKR	8.3	127	0
26297606	从0到1	7.6	19971	0
6709783	浪潮之巅	9.1	20826	0
27204181	赋能：打造应对不确定性的敏捷团队	7.6	610	0
30358753	掌控谈话	8.3	257	0
1020644	金字塔原理	8.1	4892	0
4051739	第五项修炼	8.7	1881	0
27053288	极简工作Ⅰ	5.4	105	0
26856050	避开错误决策的4个陷阱	7.5	93	0
27067730	新管理革命	7.1	52	0
27064974	硬派工作	7.4	71	0
27179563	激荡十年，水大鱼大	8.3	6972	0
30314653	韭菜的自我修养	6.7	2818	0
1220853	伟大的博弈	8.3	11044	0
1072438	大败局	8.3	10833	0
30222786	Bad Blood	9	1032	0
30357931	智能商业	8.3	519	0
30365007	重新理解创业	8.2	490	0
30186119	硅谷增长黑客实战笔记	9.2	353	0
27167992	见识	8.3	1917	0
30244461	规模	8.5	616	0
26270679	零售的哲学：7-Eleven便利店创始人自述	8.1	3995	0
26306686	创业维艰	8.4	6560	0
27046188	投资异类	8.2	299	0
2081876	货币战争	7.2	41447	0
25717107	红色资本	8.9	786	0
30164963	巴菲特致股东的信	9.2	296	0
25844463	摩根财团	8.6	651	0
10799082	投资最重要的事	8.8	2606	0
27053704	渐行渐近的金融周期	9	344	0
1021346	股票作手回忆录	8.7	4686	0
4953707	门口的野蛮人	8.2	1922	0
24092345	证券分析	9.1	734	0
30218972	陈志武金融通识课	8.6	181	0
27026691	千年金融史	8.1	341	0
25926542	一本书读懂财报	8.9	3236	0
20272113	逃不开的经济周期	8.6	1038	0
27064866	“快”钱游戏	7.9	71	0
5921785	乱世华尔街	8.8	1472	0
1443196	诚信的背后	8.1	1195	0
26831789	穷查理宝典	8.8	2767	0
26163553	投资中最简单的事	8.7	3649	0
1958714	彼得·林奇的成功投资	8.7	5397	0
25782902	反脆弱	8.2	4919	0
1046164	巴菲特致股东的信	8.2	2277	0
26290085	手把手教你读财报	8.7	1921	0
4249967	财务自由之路	8	2371	0
10773362	随机漫步的傻瓜	8.2	2443	0
30191451	流量池	7.7	1694	0
1017180	定位	8.2	6863	0
5421787	定位	8	5946	0
1894695	营销管理	9	1772	0
27593848	增长黑客	8.4	910	0
30217981	故事经济学	7.4	502	0
25942507	参与感	7.5	8162	0
25779152	超级符号就是超级创意	8.3	1318	0
1031526	一个广告人的自白	8.4	6701	0
3900987	引爆点	7.6	6415	0
24854628	文案创作完全手册	7.8	1076	0
26919762	畅销的原理	8.1	340	0
27030507	上瘾	7.4	1488	0
24541955	史玉柱自述	8	3547	0
4216944	卖轮子	8.9	818	0
27168701	爆款文案	7.3	927	0
26985910	自传播：为产品注入自发传播的基因	7.4	64	0
27062706	销售就是卖故事	6.8	46	0
27065620	增长黑客实战	7.8	151	0
27094706	财富自由之路	8.9	1816	0
26590267	工作前5年，决定你一生的财富	7.4	3018	0
20389192	30岁前的每一天	7.2	6310	0
1095634	小狗钱钱	8.7	10303	0
30206819	会赚钱的妈妈	7.6	706	0
3291111	富爸爸穷爸爸	8.5	8372	0
27045965	有钱人和你想的不一样	8.5	376	0
27204860	指数基金投资指南	8.3	1251	0
30147276	好好赚钱	7.4	642	0
27009488	财务自由之路	7.9	1067	0
27667390	钱：7步创造终身收入	7.4	247	0
2051332	解读基金	8.4	2182	0
25816940	富爸爸穷爸爸（最新修订版）	8.5	1932	0
26724221	喜歡的事，就要拿來當飯吃！	7.3	31	0
27041645	百万富翁快车道	8.2	273	0
26374984	选择做富人	8.2	148	0
2189613	战胜华尔街	8.4	2048	0
27073551	买基金小红书	5.9	41	0
10945606	精益创业	8.4	4014	0
6021440	黑客与画家	8.8	15913	0
26860776	鞋狗	8.4	3085	0
4243770	创新者的窘境	8.5	2110	0
30278560	创始人手记	7.9	309	0
5921213	MBA教不了的创富课	8.4	3945	0
5320866	重来	8.3	6579	0
11516567	四步创业法	8.7	828	0
26981115	让大象飞	7.8	390	0
27040820	见花则喜：开一间有美有爱的解忧花店	8.2	88	0
27077781	斜杠创业家	7.3	377	0
27065010	独立不羁	7.6	42	0
26596778	计算广告	8.7	719	0
4899351	一个广告人的自白	8.4	3937	0
2363651	十四堂人生创意课	8.1	13971	0
30355274	好文案一句话就够了	7.8	98	0
1193831	创意	8.2	518	0
6509957	洞见	8.4	403	0
30157243	如何把产品打造成有生命的品牌	7.6	294	0
30281784	抢占心智	7.8	251	0
2223180	The Copy Book 全球32位顶尖广告文案的写作之道	8.6	753	0
3162179	一个广告人的自白	8.5	1565	0
3127834	广告文案训练手册	8.5	355	0
2081341	Neil French	9.1	273	0
27078994	文案之神尼尔·法兰奇	6.5	157	0
27067902	不假思索贪看天下	7.4	46	0
3228767	The Advertising Concept Book	9.2	28	0
27089864	逼人買到剁手指的77個文案促購技巧	8.9	33	0
5285375	传播媒体策略	8.6	73	0
5382213	股票大作手回忆录	8.9	1773	0
1087737	日本蜡烛图技术	8.9	3294	0
1182173	炒股的智慧	8.9	2226	0
1728725	股市真规则	9	1130	0
25829645	股市进阶之道	8.8	893	0
4827219	彼得·林奇的成功投资	9.1	884	0
6974582	股票作手回忆录	8.8	1654	0
1007459	怎样选择成长股	8.5	1150	0
4244804	笑傲股市	8.6	732	0
26849910	炒股的智慧 (第四版)	9.1	280	0
26427930	股市进阶之道：一个散户的自我修养	8.9	159	0
2031890	以交易为生	8.3	1073	0
25841321	投机者的扑克	8.2	155	0
4100680	巴菲特的护城河	8.5	1234	0
27599025	激荡三十年	9	484	0
2380307	激荡三十年（下）	8.9	15842	0
2064450	大败局Ⅱ	8.5	5937	0
25908390	大败局2	8.7	633	0
3313327	跌荡一百年（上）	8.6	4038	0
3151575	激荡三十年	8.6	8032	0
1053848	看得见的手	9	154	0
4010186	跌荡一百年（下）	8.6	4350	0
25908391	大败局1	8.4	787	0
26771893	光变	9.1	283	0
25968115	激荡三十年：中国企业1978~2008. 上	8.9	2006	0
6052860	海底捞你学不会	7.2	7283	0
5379353	《大败局》十周年套装纪念版	8.5	1693	0
25969067	激荡三十年：中国企业1978~2008. 下	8.9	1287	0
6508275	大败局Ⅱ	8.7	1048	0
25962560	跌荡一百年：中国企业1870～1977（上）	8.8	232	0
3086206	家得宝传奇	8.1	30	0
3044864	梦想金山	7	111	0
1961132	四国演义	7.4	31	0
1005291	非常营销：娃哈哈--中国成功的实战教案	7.3	133	0
3016181	春天的故事（上）	7.4	54	0
27084153	冲突	7.1	99	0
25804890	疯传	7.3	1283	0
1852664	活动策划完全手册	7.2	427	0
2008542	创意之道	8.7	300	0
1083444	文案发烧	8.1	1003	0
4893258	电视节目策划笔记	7.9	70	0
1917628	编辑力	7.6	357	0
25783682	营销的16个关键词	7.9	320	0
20392277	改变地产策划人命运的23堂课	6.8	94	0
1490242	营销策划技能案例训练手册	7.6	27	0
4796746	房地产营销19讲	8.7	218	0
1946714	游戏关卡设计	7.4	164	0
25917524	创意笔记本4	8.6	51	0
30359753	深度粉销：高转化、高复购的用户运营黄金法则	6	82	0
1379556	獨立策展人Independent Curators	8.2	40	0
24533745	游戏之巅	8.1	62	0
4074678	新闻公关策划实战	7.6	66	0
2137851	游戏开发核心技术	7	62	0
2057896	城变	7	45	0
24756847	地产策划	6.7	31	0
1034282	时间简史	8.8	30064	0
30404521	一想到还有95%的问题留给人类，我就放心了	9.4	76	0
27168433	基因传	8.7	1924	0
30311816	荒诞医学史	8.2	643	0
30383694	进击的智人	7.7	1197	0
27025492	上帝的手术刀	8.8	1210	0
1467022	上帝掷骰子吗	9.2	16071	0
30246268	给忙碌者的天体物理学	8.5	621	0
11445548	自私的基因	8.6	8007	0
27001165	地球之美	9	593	0
27040498	花朵的秘密生命	8	645	0
27055736	人工智能革命	7	121	0
26838557	智能时代	8.5	4620	0
26873486	运营之光	8	2268	0
20429677	大数据时代	7.5	14771	0
26792439	浪潮之巅（第三版）（上下册）	9.3	861	0
26541801	增长黑客	7.7	2980	0
5914587	启示录	8.5	5556	0
26658379	必然	8.4	4426	0
27091052	设计方法卡牌	9	185	0
27062141	付费：互联网知识经济的兴起	7	126	0
27024961	失控的真相	7.8	68	0
27065172	缺失的终结	7.9	38	0
26829016	Python编程	9.1	1323	0
1477390	代码大全（第2版）	9.3	3587	0
1148282	计算机程序的构造和解释	9.5	2088	0
27028517	流畅的Python	9.5	368	0
4822685	编码	9.2	2453	0
26979890	算法图解	8.4	809	0
1139336	C程序设计语言	9.4	4148	0
2130190	Java编程思想 （第4版）	9.1	3314	0
3652388	程序员的自我修养	8.8	2101	0
5333562	深入理解计算机系统（原书第2版）	9.7	2246	0
4199741	代码整洁之道	8.6	1331	0
30293801	Python深度学习	9.8	127	0
1139426	数据结构与算法分析	8.9	1686	0
30231515	码农翻身	9	210	0
19952400	算法（第4版）	9.4	914	0
3227098	编程珠玑	9.1	1943	0
2243615	Head First 设计模式（中文版）	9.2	2717	0
1152111	程序员修炼之道	8.6	2190	0
26792521	C Primer Plus（第6版）中文版	9.3	340	0
1231590	Effective C++中文版	9.2	1334	0
1319751	C++Primer Plus	8.5	597	0
26649050	App研发录：架构设计、Crash分析和竞品技术分析	8.2	132	0
3296317	编译原理	9.1	813	0
25897187	Elixir in Action	9.2	20	0
30262617	生命3.0	8.4	716	0
26697350	极简宇宙史	9.1	4954	0
30320887	我的世界观	9.1	253	0
26772731	七堂极简物理课	8.3	6732	0
3930318	超越时空	9	3339	0
30335756	我是个怪圈	8.7	130	0
6749832	复杂	9	1554	0
26859082	为什么有的人特別招蚊子?	7.3	183	0
27045352	穿越平行宇宙	8.4	294	0
26642302	About Face 4: 交互设计精髓	8.6	467	0
6523997	用户体验要素	8.4	2331	0
1827702	点石成金	8.5	6200	0
3279105	About Face 3 交互设计精髓	8.6	1271	0
6792322	认知与设计	8.7	1414	0
25915629	破茧成蝶：用户体验设计师的成长之路	8.6	1203	0
2297549	用户体验的要素	8.2	3934	0
4723970	人人都是产品经理	7.6	7157	0
26313852	点石成金	8.2	532	0
25932290	认知与设计	8.8	297	0
30276274	破茧成蝶2	8.7	126	0
30322083	行为设计学(打造峰值体验)(精)	8.2	142	0
2157554	赢在用户	8	1124	0
30302327	以匠心，致设计：网易 UEDC 用户体验设计	8	55	0
6864391	触动人心	8.4	1019	0
3948372	网站交互设计模式	7.3	145	0
26640058	洞察用户体验	7.1	48	0
27129563	用户思维+：好产品让用户为自己尖叫	8.5	220	0
26710486	用户体验度量：收集、分析与呈现（第2版）（全彩）	8.6	44	0
26942707	游戏化实战	8.9	126	0
1440223	Don&#39;t Make Me Think	8.5	1382	0
10432347	算法	9.3	487	0
20432061	算法导论（原书第3版）	9.3	689	0
1885170	算法导论（原书第2版）	9.3	4837	0
30357170	我的第一本算法书	9.6	28	0
30155731	算法之美	7.4	281	0
3004255	编程之美	8.4	3018	0
27087503	深度学习	8.4	521	0
26931430	算法新解	9.2	44	0
10769749	推荐系统实践	8.1	1511	0
26638586	程序员代码面试指南：IT名企算法与数据结构题目最优解	8.9	89	0
26708119	机器学习	8.7	1687	0
1130500	计算机程序设计艺术（第1卷）	9.4	459	0
25894685	啊哈!算法	7.8	393	0
6424904	大话数据结构	7.9	1068	0
6966465	剑指Offer	8.3	587	0
27074813	深度学习轻松学	7.2	14	0
2359365	算法设计与分析导论	8.4	37	0
25805152	算法谜题	7.5	44	0
27614523	刷新	7.5	934	0
30305583	AI·未来	7.2	907	0
25902942	文明之光（第一册）	9	3513	0
27009472	创新者	8.6	340	0
30187654	暗网	6.3	697	0
30282615	未来地图	8.7	68	0
25752043	信息简史	8.7	2080	0
26593084	迷人的材料	8.3	2546	0
6965746	科技想要什么	8.2	2052	0
27015112	人工智能	7.3	1639	0
26665230	硅谷之谜	8.5	1626	0
30259509	未来世界的幸存者	8	321	0
26653673	必然	8.5	987	0
30286685	Creative Selection	7.7	28	0
27058912	无人驾驶	8	290	0
27074578	ASO优化道与术	5.6	35	0
27073640	The One Device	8.2	33	0
26985049	我们何以成为后人类	8.3	135	0
26284865	拇指一代	7.2	69	0
30310340	Flask Web开发实战	9.1	58	0
25752357	Head First HTML与CSS（第2版）	9.3	661	0
25863515	图解HTTP	8.1	1783	0
25953851	深入分析Java Web技术内幕（修订版）	7.5	174	0
3169342	Web信息架构(第3版)	8.2	842	0
25723064	大型网站技术架构	7.9	1340	0
10793814	黑客攻防技术宝典（第2版）	8.6	129	0
6038371	JavaScript DOM编程艺术 （第2版）	8.7	1382	0
10546125	JavaScript高级程序设计（第3版）	9.3	1937	0
4719162	高性能网站建设进阶指南	8.9	391	0
4886100	Web表单设计	8.6	579	0
25856314	Web性能权威指南	8.8	256	0
25768396	深入浅出Node.js	8.5	841	0
26962962	Learning Vue.js 2	8.5	14	0
26809374	信息架构	8	74	0
27204133	Go Web 编程	8.2	36	0
2308234	CSS权威指南（第三版）	8.5	634	0
26745255	深入理解Nginx（第2版）	8.6	66	0
27072230	深入理解ES6	9.4	154	0
1898098	精通CSS	8.4	938	0
27054104	Web API的设计与开发	8.7	53	0
24246865	Two Scoops of Django	8.4	37	0
1839273	应用Rails进行敏捷Web开发	8.4	279	0
26708820	Learning Scrapy	8.5	27	0
30224253	最好的UI设计师	8.7	17	0
4009856	用户体验度量	8	355	0
1493316	交互设计之路	7.9	1031	0
25817190	设计之下	7.5	481	0
10557282	About Face 3：交互设计精髓	8.8	457	0
26857698	体验设计白书	8.7	74	0
26394924	不止情感设计	6.1	14	0
20471302	在你身边，为你设计	7.2	1145	0
1428942	The Elements of User Experience	8.2	98	0
24753137	移动设计	7.8	471	0
10542579	用户体验草图设计	8	81	0
1314262	情感化设计	8.1	2186	0
1241266	软件开发的创新思维	8.6	36	0
25764505	Android应用UI设计模式	7.3	41	0
20381558	移动应用UI设计模式	7.2	351	0
26899670	决胜UX	7.8	52	0
6965435	交互式培训	8.1	136	0
19934344	交互设计沉思录	7.8	593	0
5313010	Facebook效应	7.9	4726	0
20278578	亲爱的界面	8	277	0
25842108	设计调研	7.5	179	0
26847053	动静之美 Sketch移动UI与交互动效设计详解	7.8	49	0
25773225	用户体验百家谈	7.1	31	0
4818690	用户体验面面观	7.8	186	0
26743649	通信之道——从微积分到5G	8.5	91	0
3671502	大话通信	7.5	309	0
1446684	通信原理	8.9	169	0
2305237	信息论基础	9.1	113	0
1062827	信号与系统	9.1	457	0
4199502	大话无线通信	8.3	364	0
6876925	大话移动通信	8.5	153	0
3759690	信号与系统	9.5	73	0
3777361	数字通信	9.2	41	0
1229910	数字通信	9.3	61	0
5908741	大话物联网	5.1	60	0
2152330	无线通信基础	8.5	41	0
2188086	数据通信与网络	8.9	37	0
30318178	芯想事成 中国芯片产业的博弈与突围	8.6	106	0
1843553	无线通信原理与应用	7.4	61	0
1289214	信号完整性分析	9.8	42	0
2878720	Wireless Communications	8.7	37	0
4864934	通信概论	7.7	10	0
2016015	数字信号处理教程	7.2	90	0
4137372	新一代视频压缩编码标准	7.7	20	0
3670867	UCD火花集	7.4	1341	0
3821157	Web界面设计	8.7	598	0
1861298	Communicating Design	8.7	41	0
4091981	聚焦用户	7.3	65	0
5312371	洞悉用户	6.5	39	0
4201552	用户体验草图设计	7.7	610	0
3742366	胜于言传	8.3	139	0
30192800	Python神经网络编程	9	133	0
30270959	深度学习入门	9	126	0
5952531	神经网络与机器学习（原书第3版）	8.1	116	0
26840215	Hands-On Machine Learning with Scikit-Learn and TensorFlow	9.3	284	0
26727997	Neural Networks and Deep Learning	9.4	145	0
1159821	意识的宇宙	8.3	182	0
3676140	神经网络与机器学习	9	36	0
4142989	Neural Network Design	9.6	14	0
27032271	Neural Network Methods in Natural Language Processing	9.3	20	0
26945232	Make Your Own Neural Network	9.6	34	0
2584657	Neural Networks and Learning Machines	8.9	52	0
3987476	模式识别与神经网络	8	29	0
26264642	&#34;笨办法&#34;学Python	7.9	556	0
1159177	高效程序的奥秘	8.6	204	0
10561367	Head First Python（中文版）	7.9	555	0
6392055	iOS软件开发揭密	6.6	43	0
2030264	C++大学教程	8.2	134	0
27080946	The Little Schemer	8.7	50	0
3420221	实用程序育儿法	8.5	563	0
27666334	产品经理必懂的技术那点事儿：成为全栈产品经理	6.7	52	0
30374817	小偷家族	8.7	1896	1
19963546	激色猫小叮当	6.5	1252	0
6732193	十年一品温如言	7.6	16308	1
1926103	鬼吹灯之云南虫谷	8	29359	1
6975925	设计诗	7.3	5724	0
30324565	如何聊电影	8.3	106	0
25912106	万尼亚舅舅·三姊妹·樱桃园	9.1	797	0
25912108	伊凡诺夫·海鸥	9.4	597	0
4732188	中央公园西路	8.1	5884	0
3284547	文心	9.1	2275	0
26838695	12个工作的基本	7.9	556	0
27103775	好好工作	7.6	831	0
27172136	Why We Sleep	8.6	63	0
6389915	脸要穷养，身要娇养（全新图文修订版）	7.5	529	0
26292422	顾中一说：我们到底应该怎么吃？	7.5	1121	0
26582822	重新定义公司	8.2	5096	0
30417612	非对称风险	8.4	129	0
26870611	超级符号就是超级创意（全彩增订版）	8.4	387	0
27167650	给新手的极简股票课	8.1	369	0
26655503	那些让文案绝望的文案	5.8	603	0
1781918	广告媒体策划	7.8	162	0
30388376	订阅	8	124	0
27008702	剑指Offer：名企面试官精讲典型编程题（第2版）	9.3	94	0
